Medians: 100
H_low: []
H_high: [100]

Medians: 99 100
H_low: [99]
H_high: [100]

Medians: 99
H_low: [99, 98]
H_high: [100]

Medians: 98 99
H_low: [98, 97]
H_high: [99, 100]

Medians: 98
H_low: [98, 97, 96]
H_high: [99, 100]

Medians: 97 98
H_low: [97, 95, 96]
H_high: [98, 100, 99]

Medians: 97
H_low: [97, 95, 96, 94]
H_high: [98, 100, 99]

Medians: 96 97
H_low: [96, 95, 93, 94]
H_high: [97, 98, 99, 100]

Medians: 96
H_low: [96, 95, 93, 94, 92]
H_high: [97, 98, 99, 100]

Medians: 95 96
H_low: [95, 94, 93, 91, 92]
H_high: [96, 97, 99, 100, 98]

Medians: 95
H_low: [95, 94, 93, 91, 92, 90]
H_high: [96, 97, 99, 100, 98]

Medians: 94 95
H_low: [94, 92, 93, 91, 89, 90]
H_high: [95, 97, 96, 100, 98, 99]

Medians: 94
H_low: [94, 92, 93, 91, 89, 90, 88]
H_high: [95, 97, 96, 100, 98, 99]

Medians: 93 94
H_low: [93, 92, 90, 91, 89, 87, 88]
H_high: [94, 97, 95, 100, 98, 99, 96]

Medians: 93
H_low: [93, 92, 90, 91, 89, 87, 88, 86]
H_high: [94, 97, 95, 100, 98, 99, 96]

Medians: 92 93
H_low: [92, 91, 90, 86, 89, 87, 88, 85]
H_high: [93, 94, 95, 97, 98, 99, 96, 100]

Medians: 92
H_low: [92, 91, 90, 86, 89, 87, 88, 85, 84]
H_high: [93, 94, 95, 97, 98, 99, 96, 100]

Medians: 91 92
H_low: [91, 89, 90, 86, 83, 87, 88, 85, 84]
H_high: [92, 93, 95, 94, 98, 99, 96, 100, 97]

Medians: 91
H_low: [91, 89, 90, 86, 83, 87, 88, 85, 84, 82]
H_high: [92, 93, 95, 94, 98, 99, 96, 100, 97]

Medians: 90 91
H_low: [90, 89, 88, 86, 83, 87, 81, 85, 84, 82]
H_high: [91, 92, 95, 94, 93, 99, 96, 100, 97, 98]

Medians: 90
H_low: [90, 89, 88, 86, 83, 87, 81, 85, 84, 82, 80]
H_high: [91, 92, 95, 94, 93, 99, 96, 100, 97, 98]

Medians: 89 90
H_low: [89, 86, 88, 85, 83, 87, 81, 79, 84, 82, 80]
H_high: [90, 91, 95, 94, 92, 99, 96, 100, 97, 98, 93]

Medians: 89
H_low: [89, 86, 88, 85, 83, 87, 81, 79, 84, 82, 80, 78]
H_high: [90, 91, 95, 94, 92, 99, 96, 100, 97, 98, 93]

Medians: 88 89
H_low: [88, 86, 87, 85, 83, 78, 81, 79, 84, 82, 80, 77]
H_high: [89, 91, 90, 94, 92, 95, 96, 100, 97, 98, 93, 99]

Medians: 88
H_low: [88, 86, 87, 85, 83, 78, 81, 79, 84, 82, 80, 77, 76]
H_high: [89, 91, 90, 94, 92, 95, 96, 100, 97, 98, 93, 99]

Medians: 87 88
H_low: [87, 86, 81, 85, 83, 78, 75, 79, 84, 82, 80, 77, 76]
H_high: [88, 91, 89, 94, 92, 90, 96, 100, 97, 98, 93, 99, 95]

Medians: 87
H_low: [87, 86, 81, 85, 83, 78, 75, 79, 84, 82, 80, 77, 76, 74]
H_high: [88, 91, 89, 94, 92, 90, 96, 100, 97, 98, 93, 99, 95]

Medians: 86 87
H_low: [86, 85, 81, 84, 83, 78, 75, 79, 73, 82, 80, 77, 76, 74]
H_high: [87, 91, 88, 94, 92, 90, 89, 100, 97, 98, 93, 99, 95, 96]

Medians: 86
H_low: [86, 85, 81, 84, 83, 78, 75, 79, 73, 82, 80, 77, 76, 74, 72]
H_high: [87, 91, 88, 94, 92, 90, 89, 100, 97, 98, 93, 99, 95, 96]

Medians: 85 86
H_low: [85, 84, 81, 79, 83, 78, 75, 71, 73, 82, 80, 77, 76, 74, 72]
H_high: [86, 91, 87, 94, 92, 90, 88, 100, 97, 98, 93, 99, 95, 96, 89]

Medians: 85
H_low: [85, 84, 81, 79, 83, 78, 75, 71, 73, 82, 80, 77, 76, 74, 72, 70]
H_high: [86, 91, 87, 94, 92, 90, 88, 100, 97, 98, 93, 99, 95, 96, 89]

Medians: 84 85
H_low: [84, 83, 81, 79, 82, 78, 75, 71, 73, 69, 80, 77, 76, 74, 72, 70]
H_high: [85, 86, 87, 91, 92, 90, 88, 94, 97, 98, 93, 99, 95, 96, 89, 100]

Medians: 84
H_low: [84, 83, 81, 79, 82, 78, 75, 71, 73, 69, 80, 77, 76, 74, 72, 70, 68]
H_high: [85, 86, 87, 91, 92, 90, 88, 94, 97, 98, 93, 99, 95, 96, 89, 100]

Medians: 83 84
H_low: [83, 82, 81, 79, 80, 78, 75, 71, 73, 69, 67, 77, 76, 74, 72, 70, 68]
H_high: [84, 85, 87, 86, 92, 90, 88, 91, 97, 98, 93, 99, 95, 96, 89, 100, 94]

Medians: 83
H_low: [83, 82, 81, 79, 80, 78, 75, 71, 73, 69, 67, 77, 76, 74, 72, 70, 68, 66]
H_high: [84, 85, 87, 86, 92, 90, 88, 91, 97, 98, 93, 99, 95, 96, 89, 100, 94]

Medians: 82 83
H_low: [82, 80, 81, 79, 69, 78, 75, 71, 73, 65, 67, 77, 76, 74, 72, 70, 68, 66]
H_high: [83, 84, 87, 85, 92, 90, 88, 91, 86, 98, 93, 99, 95, 96, 89, 100, 94, 97]

Medians: 82
H_low: [82, 80, 81, 79, 69, 78, 75, 71, 73, 65, 67, 77, 76, 74, 72, 70, 68, 66, 64]
H_high: [83, 84, 87, 85, 92, 90, 88, 91, 86, 98, 93, 99, 95, 96, 89, 100, 94, 97]

Medians: 81 82
H_low: [81, 80, 78, 79, 69, 77, 75, 71, 73, 65, 67, 63, 76, 74, 72, 70, 68, 66, 64]
H_high: [82, 83, 87, 84, 92, 90, 88, 91, 85, 98, 93, 99, 95, 96, 89, 100, 94, 97, 86]

Medians: 81
H_low: [81, 80, 78, 79, 69, 77, 75, 71, 73, 65, 67, 63, 76, 74, 72, 70, 68, 66, 64, 62]
H_high: [82, 83, 87, 84, 92, 90, 88, 91, 85, 98, 93, 99, 95, 96, 89, 100, 94, 97, 86]

Medians: 80 81
H_low: [80, 79, 78, 73, 69, 77, 75, 71, 66, 65, 67, 63, 76, 74, 72, 70, 68, 61, 64, 62]
H_high: [81, 82, 87, 84, 83, 90, 88, 91, 85, 92, 93, 99, 95, 96, 89, 100, 94, 97, 86, 98]

Medians: 80
H_low: [80, 79, 78, 73, 69, 77, 75, 71, 66, 65, 67, 63, 76, 74, 72, 70, 68, 61, 64, 62, 60]
H_high: [81, 82, 87, 84, 83, 90, 88, 91, 85, 92, 93, 99, 95, 96, 89, 100, 94, 97, 86, 98]

Medians: 79 80
H_low: [79, 73, 78, 71, 69, 77, 75, 70, 66, 65, 67, 63, 76, 74, 72, 59, 68, 61, 64, 62, 60]
H_high: [80, 81, 87, 84, 82, 90, 88, 91, 85, 83, 93, 99, 95, 96, 89, 100, 94, 97, 86, 98, 92]

Medians: 79
H_low: [79, 73, 78, 71, 69, 77, 75, 70, 66, 65, 67, 63, 76, 74, 72, 59, 68, 61, 64, 62, 60, 58]
H_high: [80, 81, 87, 84, 82, 90, 88, 91, 85, 83, 93, 99, 95, 96, 89, 100, 94, 97, 86, 98, 92]

Medians: 78 79
H_low: [78, 73, 77, 71, 69, 76, 75, 70, 66, 65, 67, 63, 57, 74, 72, 59, 68, 61, 64, 62, 60, 58]
H_high: [79, 80, 87, 84, 81, 90, 88, 91, 85, 83, 82, 99, 95, 96, 89, 100, 94, 97, 86, 98, 92, 93]

Medians: 78
H_low: [78, 73, 77, 71, 69, 76, 75, 70, 66, 65, 67, 63, 57, 74, 72, 59, 68, 61, 64, 62, 60, 58, 56]
H_high: [79, 80, 87, 84, 81, 90, 88, 91, 85, 83, 82, 99, 95, 96, 89, 100, 94, 97, 86, 98, 92, 93]

Medians: 77 78
H_low: [77, 73, 76, 71, 69, 63, 75, 70, 66, 65, 67, 55, 57, 74, 72, 59, 68, 61, 64, 62, 60, 58, 56]
H_high: [78, 79, 87, 84, 80, 90, 88, 91, 85, 83, 81, 99, 95, 96, 89, 100, 94, 97, 86, 98, 92, 93, 82]

Medians: 77
H_low: [77, 73, 76, 71, 69, 63, 75, 70, 66, 65, 67, 55, 57, 74, 72, 59, 68, 61, 64, 62, 60, 58, 56, 54]
H_high: [78, 79, 87, 84, 80, 90, 88, 91, 85, 83, 81, 99, 95, 96, 89, 100, 94, 97, 86, 98, 92, 93, 82]

Medians: 76 77
H_low: [76, 73, 75, 71, 69, 63, 74, 70, 66, 65, 67, 55, 57, 53, 72, 59, 68, 61, 64, 62, 60, 58, 56, 54]
H_high: [77, 79, 78, 84, 80, 87, 88, 91, 85, 83, 81, 90, 95, 96, 89, 100, 94, 97, 86, 98, 92, 93, 82, 99]

Medians: 76
H_low: [76, 73, 75, 71, 69, 63, 74, 70, 66, 65, 67, 55, 57, 53, 72, 59, 68, 61, 64, 62, 60, 58, 56, 54, 52]
H_high: [77, 79, 78, 84, 80, 87, 88, 91, 85, 83, 81, 90, 95, 96, 89, 100, 94, 97, 86, 98, 92, 93, 82, 99]

Medians: 75 76
H_low: [75, 73, 74, 71, 69, 63, 72, 70, 66, 65, 67, 55, 57, 53, 51, 59, 68, 61, 64, 62, 60, 58, 56, 54, 52]
H_high: [76, 79, 77, 84, 80, 78, 88, 91, 85, 83, 81, 87, 95, 96, 89, 100, 94, 97, 86, 98, 92, 93, 82, 99, 90]

Medians: 75
H_low: [75, 73, 74, 71, 69, 63, 72, 70, 66, 65, 67, 55, 57, 53, 51, 59, 68, 61, 64, 62, 60, 58, 56, 54, 52, 50]
H_high: [76, 79, 77, 84, 80, 78, 88, 91, 85, 83, 81, 87, 95, 96, 89, 100, 94, 97, 86, 98, 92, 93, 82, 99, 90]

Medians: 74 75
H_low: [74, 73, 72, 71, 69, 63, 53, 70, 66, 65, 67, 55, 57, 49, 51, 59, 68, 61, 64, 62, 60, 58, 56, 54, 52, 50]
H_high: [75, 79, 76, 84, 80, 77, 88, 91, 85, 83, 81, 87, 78, 96, 89, 100, 94, 97, 86, 98, 92, 93, 82, 99, 90, 95]

Medians: 74
H_low: [74, 73, 72, 71, 69, 63, 53, 70, 66, 65, 67, 55, 57, 49, 51, 59, 68, 61, 64, 62, 60, 58, 56, 54, 52, 50, 48]
H_high: [75, 79, 76, 84, 80, 77, 88, 91, 85, 83, 81, 87, 78, 96, 89, 100, 94, 97, 86, 98, 92, 93, 82, 99, 90, 95]

Medians: 73 74
H_low: [73, 71, 72, 70, 69, 63, 53, 68, 66, 65, 67, 55, 57, 49, 51, 59, 47, 61, 64, 62, 60, 58, 56, 54, 52, 50, 48]
H_high: [74, 79, 75, 84, 80, 76, 88, 91, 85, 83, 81, 87, 77, 96, 89, 100, 94, 97, 86, 98, 92, 93, 82, 99, 90, 95, 78]

Medians: 73
H_low: [73, 71, 72, 70, 69, 63, 53, 68, 66, 65, 67, 55, 57, 49, 51, 59, 47, 61, 64, 62, 60, 58, 56, 54, 52, 50, 48, 46]
H_high: [74, 79, 75, 84, 80, 76, 88, 91, 85, 83, 81, 87, 77, 96, 89, 100, 94, 97, 86, 98, 92, 93, 82, 99, 90, 95, 78]

Medians: 72 73
H_low: [72, 71, 63, 70, 69, 57, 53, 68, 66, 65, 67, 55, 50, 49, 51, 59, 47, 61, 64, 62, 60, 58, 56, 54, 52, 45, 48, 46]
H_high: [73, 79, 74, 84, 80, 76, 75, 91, 85, 83, 81, 87, 77, 88, 89, 100, 94, 97, 86, 98, 92, 93, 82, 99, 90, 95, 78, 96]

Medians: 72
H_low: [72, 71, 63, 70, 69, 57, 53, 68, 66, 65, 67, 55, 50, 49, 51, 59, 47, 61, 64, 62, 60, 58, 56, 54, 52, 45, 48, 46, 44]
H_high: [73, 79, 74, 84, 80, 76, 75, 91, 85, 83, 81, 87, 77, 88, 89, 100, 94, 97, 86, 98, 92, 93, 82, 99, 90, 95, 78, 96]

Medians: 71 72
H_low: [71, 70, 63, 68, 69, 57, 53, 59, 66, 65, 67, 55, 50, 49, 51, 43, 47, 61, 64, 62, 60, 58, 56, 54, 52, 45, 48, 46, 44]
H_high: [72, 79, 73, 84, 80, 76, 74, 91, 85, 83, 81, 87, 77, 75, 89, 100, 94, 97, 86, 98, 92, 93, 82, 99, 90, 95, 78, 96, 88]

Medians: 71
H_low: [71, 70, 63, 68, 69, 57, 53, 59, 66, 65, 67, 55, 50, 49, 51, 43, 47, 61, 64, 62, 60, 58, 56, 54, 52, 45, 48, 46, 44, 42]
H_high: [72, 79, 73, 84, 80, 76, 74, 91, 85, 83, 81, 87, 77, 75, 89, 100, 94, 97, 86, 98, 92, 93, 82, 99, 90, 95, 78, 96, 88]

Medians: 70 71
H_low: [70, 69, 63, 68, 67, 57, 53, 59, 66, 65, 58, 55, 50, 49, 51, 43, 47, 61, 64, 62, 60, 41, 56, 54, 52, 45, 48, 46, 44, 42]
H_high: [71, 79, 72, 84, 80, 76, 73, 91, 85, 83, 81, 87, 77, 75, 74, 100, 94, 97, 86, 98, 92, 93, 82, 99, 90, 95, 78, 96, 88, 89]

Medians: 70
H_low: [70, 69, 63, 68, 67, 57, 53, 59, 66, 65, 58, 55, 50, 49, 51, 43, 47, 61, 64, 62, 60, 41, 56, 54, 52, 45, 48, 46, 44, 42, 40]
H_high: [71, 79, 72, 84, 80, 76, 73, 91, 85, 83, 81, 87, 77, 75, 74, 100, 94, 97, 86, 98, 92, 93, 82, 99, 90, 95, 78, 96, 88, 89]

Medians: 69 70
H_low: [69, 68, 63, 66, 67, 57, 53, 59, 64, 65, 58, 55, 50, 49, 51, 43, 47, 61, 39, 62, 60, 41, 56, 54, 52, 45, 48, 46, 44, 42, 40]
H_high: [70, 79, 71, 84, 80, 76, 72, 91, 85, 83, 81, 87, 77, 75, 73, 100, 94, 97, 86, 98, 92, 93, 82, 99, 90, 95, 78, 96, 88, 89, 74]

Medians: 69
H_low: [69, 68, 63, 66, 67, 57, 53, 59, 64, 65, 58, 55, 50, 49, 51, 43, 47, 61, 39, 62, 60, 41, 56, 54, 52, 45, 48, 46, 44, 42, 40, 38]
H_high: [70, 79, 71, 84, 80, 76, 72, 91, 85, 83, 81, 87, 77, 75, 73, 100, 94, 97, 86, 98, 92, 93, 82, 99, 90, 95, 78, 96, 88, 89, 74]

Medians: 68 69
H_low: [68, 67, 63, 66, 65, 57, 53, 59, 64, 62, 58, 55, 50, 49, 51, 43, 47, 61, 39, 37, 60, 41, 56, 54, 52, 45, 48, 46, 44, 42, 40, 38]
H_high: [69, 70, 71, 79, 80, 76, 72, 84, 85, 83, 81, 87, 77, 75, 73, 91, 94, 97, 86, 98, 92, 93, 82, 99, 90, 95, 78, 96, 88, 89, 74, 100]

Medians: 68
H_low: [68, 67, 63, 66, 65, 57, 53, 59, 64, 62, 58, 55, 50, 49, 51, 43, 47, 61, 39, 37, 60, 41, 56, 54, 52, 45, 48, 46, 44, 42, 40, 38, 36]
H_high: [69, 70, 71, 79, 80, 76, 72, 84, 85, 83, 81, 87, 77, 75, 73, 91, 94, 97, 86, 98, 92, 93, 82, 99, 90, 95, 78, 96, 88, 89, 74, 100]

Medians: 67 68
H_low: [67, 66, 63, 64, 65, 57, 53, 59, 61, 62, 58, 55, 50, 49, 51, 43, 47, 35, 39, 37, 60, 41, 56, 54, 52, 45, 48, 46, 44, 42, 40, 38, 36]
H_high: [68, 69, 71, 70, 80, 76, 72, 79, 85, 83, 81, 87, 77, 75, 73, 84, 94, 97, 86, 98, 92, 93, 82, 99, 90, 95, 78, 96, 88, 89, 74, 100, 91]

Medians: 67
H_low: [67, 66, 63, 64, 65, 57, 53, 59, 61, 62, 58, 55, 50, 49, 51, 43, 47, 35, 39, 37, 60, 41, 56, 54, 52, 45, 48, 46, 44, 42, 40, 38, 36, 34]
H_high: [68, 69, 71, 70, 80, 76, 72, 79, 85, 83, 81, 87, 77, 75, 73, 84, 94, 97, 86, 98, 92, 93, 82, 99, 90, 95, 78, 96, 88, 89, 74, 100, 91]

Medians: 66 67
H_low: [66, 65, 63, 64, 62, 57, 53, 59, 61, 60, 58, 55, 50, 49, 51, 43, 47, 35, 39, 37, 33, 41, 56, 54, 52, 45, 48, 46, 44, 42, 40, 38, 36, 34]
H_high: [67, 68, 71, 69, 80, 76, 72, 70, 85, 83, 81, 87, 77, 75, 73, 84, 79, 97, 86, 98, 92, 93, 82, 99, 90, 95, 78, 96, 88, 89, 74, 100, 91, 94]

Medians: 66
H_low: [66, 65, 63, 64, 62, 57, 53, 59, 61, 60, 58, 55, 50, 49, 51, 43, 47, 35, 39, 37, 33, 41, 56, 54, 52, 45, 48, 46, 44, 42, 40, 38, 36, 34, 32]
H_high: [67, 68, 71, 69, 80, 76, 72, 70, 85, 83, 81, 87, 77, 75, 73, 84, 79, 97, 86, 98, 92, 93, 82, 99, 90, 95, 78, 96, 88, 89, 74, 100, 91, 94]

Medians: 65 66
H_low: [65, 64, 63, 61, 62, 57, 53, 59, 39, 60, 58, 55, 50, 49, 51, 43, 47, 35, 31, 37, 33, 41, 56, 54, 52, 45, 48, 46, 44, 42, 40, 38, 36, 34, 32]
H_high: [66, 67, 71, 68, 80, 76, 72, 69, 85, 83, 81, 87, 77, 75, 73, 84, 70, 97, 86, 98, 92, 93, 82, 99, 90, 95, 78, 96, 88, 89, 74, 100, 91, 94, 79]

Medians: 65
H_low: [65, 64, 63, 61, 62, 57, 53, 59, 39, 60, 58, 55, 50, 49, 51, 43, 47, 35, 31, 37, 33, 41, 56, 54, 52, 45, 48, 46, 44, 42, 40, 38, 36, 34, 32, 30]
H_high: [66, 67, 71, 68, 80, 76, 72, 69, 85, 83, 81, 87, 77, 75, 73, 84, 70, 97, 86, 98, 92, 93, 82, 99, 90, 95, 78, 96, 88, 89, 74, 100, 91, 94, 79]

Medians: 64 65
H_low: [64, 62, 63, 61, 60, 57, 53, 59, 39, 37, 58, 55, 50, 49, 51, 43, 47, 35, 31, 29, 33, 41, 56, 54, 52, 45, 48, 46, 44, 42, 40, 38, 36, 34, 32, 30]
H_high: [65, 66, 71, 67, 80, 76, 72, 69, 68, 83, 81, 87, 77, 75, 73, 84, 70, 85, 86, 98, 92, 93, 82, 99, 90, 95, 78, 96, 88, 89, 74, 100, 91, 94, 79, 97]

Medians: 64
H_low: [64, 62, 63, 61, 60, 57, 53, 59, 39, 37, 58, 55, 50, 49, 51, 43, 47, 35, 31, 29, 33, 41, 56, 54, 52, 45, 48, 46, 44, 42, 40, 38, 36, 34, 32, 30, 28]
H_high: [65, 66, 71, 67, 80, 76, 72, 69, 68, 83, 81, 87, 77, 75, 73, 84, 70, 85, 86, 98, 92, 93, 82, 99, 90, 95, 78, 96, 88, 89, 74, 100, 91, 94, 79, 97]

Medians: 63 64
H_low: [63, 62, 57, 61, 60, 55, 53, 59, 39, 37, 58, 54, 50, 49, 51, 43, 47, 35, 31, 29, 33, 41, 56, 27, 52, 45, 48, 46, 44, 42, 40, 38, 36, 34, 32, 30, 28]
H_high: [64, 65, 71, 66, 80, 76, 72, 69, 67, 83, 81, 87, 77, 75, 73, 84, 70, 68, 86, 98, 92, 93, 82, 99, 90, 95, 78, 96, 88, 89, 74, 100, 91, 94, 79, 97, 85]

Medians: 63
H_low: [63, 62, 57, 61, 60, 55, 53, 59, 39, 37, 58, 54, 50, 49, 51, 43, 47, 35, 31, 29, 33, 41, 56, 27, 52, 45, 48, 46, 44, 42, 40, 38, 36, 34, 32, 30, 28, 26]
H_high: [64, 65, 71, 66, 80, 76, 72, 69, 67, 83, 81, 87, 77, 75, 73, 84, 70, 68, 86, 98, 92, 93, 82, 99, 90, 95, 78, 96, 88, 89, 74, 100, 91, 94, 79, 97, 85]

Medians: 62 63
H_low: [62, 61, 57, 59, 60, 55, 53, 47, 39, 37, 58, 54, 50, 49, 51, 43, 34, 35, 31, 29, 33, 41, 56, 27, 52, 45, 48, 46, 44, 42, 40, 38, 36, 25, 32, 30, 28, 26]
H_high: [63, 64, 71, 65, 80, 76, 72, 69, 66, 83, 81, 87, 77, 75, 73, 84, 70, 68, 67, 98, 92, 93, 82, 99, 90, 95, 78, 96, 88, 89, 74, 100, 91, 94, 79, 97, 85, 86]

Medians: 62
H_low: [62, 61, 57, 59, 60, 55, 53, 47, 39, 37, 58, 54, 50, 49, 51, 43, 34, 35, 31, 29, 33, 41, 56, 27, 52, 45, 48, 46, 44, 42, 40, 38, 36, 25, 32, 30, 28, 26, 24]
H_high: [63, 64, 71, 65, 80, 76, 72, 69, 66, 83, 81, 87, 77, 75, 73, 84, 70, 68, 67, 98, 92, 93, 82, 99, 90, 95, 78, 96, 88, 89, 74, 100, 91, 94, 79, 97, 85, 86]

Medians: 61 62
H_low: [61, 60, 57, 59, 58, 55, 53, 47, 39, 37, 56, 54, 50, 49, 51, 43, 34, 35, 31, 29, 33, 41, 23, 27, 52, 45, 48, 46, 44, 42, 40, 38, 36, 25, 32, 30, 28, 26, 24]
H_high: [62, 63, 71, 64, 80, 76, 72, 69, 65, 83, 81, 87, 77, 75, 73, 84, 70, 68, 66, 98, 92, 93, 82, 99, 90, 95, 78, 96, 88, 89, 74, 100, 91, 94, 79, 97, 85, 86, 67]

Medians: 61
H_low: [61, 60, 57, 59, 58, 55, 53, 47, 39, 37, 56, 54, 50, 49, 51, 43, 34, 35, 31, 29, 33, 41, 23, 27, 52, 45, 48, 46, 44, 42, 40, 38, 36, 25, 32, 30, 28, 26, 24, 22]
H_high: [62, 63, 71, 64, 80, 76, 72, 69, 65, 83, 81, 87, 77, 75, 73, 84, 70, 68, 66, 98, 92, 93, 82, 99, 90, 95, 78, 96, 88, 89, 74, 100, 91, 94, 79, 97, 85, 86, 67]

Medians: 60 61
H_low: [60, 59, 57, 47, 58, 55, 53, 43, 39, 37, 56, 54, 50, 49, 51, 38, 34, 35, 31, 29, 33, 41, 23, 27, 52, 45, 48, 46, 44, 42, 40, 21, 36, 25, 32, 30, 28, 26, 24, 22]
H_high: [61, 62, 71, 64, 63, 76, 72, 69, 65, 80, 81, 87, 77, 75, 73, 84, 70, 68, 66, 83, 92, 93, 82, 99, 90, 95, 78, 96, 88, 89, 74, 100, 91, 94, 79, 97, 85, 86, 67, 98]

Medians: 60
H_low: [60, 59, 57, 47, 58, 55, 53, 43, 39, 37, 56, 54, 50, 49, 51, 38, 34, 35, 31, 29, 33, 41, 23, 27, 52, 45, 48, 46, 44, 42, 40, 21, 36, 25, 32, 30, 28, 26, 24, 22, 20]
H_high: [61, 62, 71, 64, 63, 76, 72, 69, 65, 80, 81, 87, 77, 75, 73, 84, 70, 68, 66, 83, 92, 93, 82, 99, 90, 95, 78, 96, 88, 89, 74, 100, 91, 94, 79, 97, 85, 86, 67, 98]

Medians: 59 60
H_low: [59, 58, 57, 47, 56, 55, 53, 43, 39, 37, 41, 54, 50, 49, 51, 38, 34, 35, 31, 29, 33, 19, 23, 27, 52, 45, 48, 46, 44, 42, 40, 21, 36, 25, 32, 30, 28, 26, 24, 22, 20]
H_high: [60, 61, 71, 64, 62, 76, 72, 69, 65, 63, 81, 87, 77, 75, 73, 84, 70, 68, 66, 80, 92, 93, 82, 99, 90, 95, 78, 96, 88, 89, 74, 100, 91, 94, 79, 97, 85, 86, 67, 98, 83]

Medians: 59
H_low: [59, 58, 57, 47, 56, 55, 53, 43, 39, 37, 41, 54, 50, 49, 51, 38, 34, 35, 31, 29, 33, 19, 23, 27, 52, 45, 48, 46, 44, 42, 40, 21, 36, 25, 32, 30, 28, 26, 24, 22, 20, 18]
H_high: [60, 61, 71, 64, 62, 76, 72, 69, 65, 63, 81, 87, 77, 75, 73, 84, 70, 68, 66, 80, 92, 93, 82, 99, 90, 95, 78, 96, 88, 89, 74, 100, 91, 94, 79, 97, 85, 86, 67, 98, 83]

Medians: 58 59
H_low: [58, 56, 57, 47, 41, 55, 53, 43, 39, 37, 23, 54, 50, 49, 51, 38, 34, 35, 31, 29, 33, 19, 17, 27, 52, 45, 48, 46, 44, 42, 40, 21, 36, 25, 32, 30, 28, 26, 24, 22, 20, 18]
H_high: [59, 60, 71, 64, 61, 76, 72, 69, 65, 62, 81, 87, 77, 75, 73, 84, 70, 68, 66, 80, 63, 93, 82, 99, 90, 95, 78, 96, 88, 89, 74, 100, 91, 94, 79, 97, 85, 86, 67, 98, 83, 92]

Medians: 58
H_low: [58, 56, 57, 47, 41, 55, 53, 43, 39, 37, 23, 54, 50, 49, 51, 38, 34, 35, 31, 29, 33, 19, 17, 27, 52, 45, 48, 46, 44, 42, 40, 21, 36, 25, 32, 30, 28, 26, 24, 22, 20, 18, 16]
H_high: [59, 60, 71, 64, 61, 76, 72, 69, 65, 62, 81, 87, 77, 75, 73, 84, 70, 68, 66, 80, 63, 93, 82, 99, 90, 95, 78, 96, 88, 89, 74, 100, 91, 94, 79, 97, 85, 86, 67, 98, 83, 92]

Medians: 57 58
H_low: [57, 56, 55, 47, 41, 54, 53, 43, 39, 37, 23, 52, 50, 49, 51, 38, 34, 35, 31, 29, 33, 19, 17, 27, 15, 45, 48, 46, 44, 42, 40, 21, 36, 25, 32, 30, 28, 26, 24, 22, 20, 18, 16]
H_high: [58, 59, 71, 64, 60, 76, 72, 69, 65, 61, 81, 87, 77, 75, 73, 84, 70, 68, 66, 80, 62, 93, 82, 99, 90, 95, 78, 96, 88, 89, 74, 100, 91, 94, 79, 97, 85, 86, 67, 98, 83, 92, 63]

Medians: 57
H_low: [57, 56, 55, 47, 41, 54, 53, 43, 39, 37, 23, 52, 50, 49, 51, 38, 34, 35, 31, 29, 33, 19, 17, 27, 15, 45, 48, 46, 44, 42, 40, 21, 36, 25, 32, 30, 28, 26, 24, 22, 20, 18, 16, 14]
H_high: [58, 59, 71, 64, 60, 76, 72, 69, 65, 61, 81, 87, 77, 75, 73, 84, 70, 68, 66, 80, 62, 93, 82, 99, 90, 95, 78, 96, 88, 89, 74, 100, 91, 94, 79, 97, 85, 86, 67, 98, 83, 92, 63]

Medians: 56 57
H_low: [56, 47, 55, 43, 41, 54, 53, 38, 39, 37, 23, 52, 50, 49, 51, 36, 34, 35, 31, 29, 33, 19, 17, 27, 15, 45, 48, 46, 44, 42, 40, 21, 13, 25, 32, 30, 28, 26, 24, 22, 20, 18, 16, 14]
H_high: [57, 58, 71, 64, 59, 76, 72, 69, 65, 61, 60, 87, 77, 75, 73, 84, 70, 68, 66, 80, 62, 81, 82, 99, 90, 95, 78, 96, 88, 89, 74, 100, 91, 94, 79, 97, 85, 86, 67, 98, 83, 92, 63, 93]

Medians: 56
H_low: [56, 47, 55, 43, 41, 54, 53, 38, 39, 37, 23, 52, 50, 49, 51, 36, 34, 35, 31, 29, 33, 19, 17, 27, 15, 45, 48, 46, 44, 42, 40, 21, 13, 25, 32, 30, 28, 26, 24, 22, 20, 18, 16, 14, 12]
H_high: [57, 58, 71, 64, 59, 76, 72, 69, 65, 61, 60, 87, 77, 75, 73, 84, 70, 68, 66, 80, 62, 81, 82, 99, 90, 95, 78, 96, 88, 89, 74, 100, 91, 94, 79, 97, 85, 86, 67, 98, 83, 92, 63, 93]

Medians: 55 56
H_low: [55, 47, 54, 43, 41, 52, 53, 38, 39, 37, 23, 27, 50, 49, 51, 36, 34, 35, 31, 29, 33, 19, 17, 11, 15, 45, 48, 46, 44, 42, 40, 21, 13, 25, 32, 30, 28, 26, 24, 22, 20, 18, 16, 14, 12]
H_high: [56, 57, 71, 64, 58, 76, 72, 69, 65, 61, 59, 87, 77, 75, 73, 84, 70, 68, 66, 80, 62, 60, 82, 99, 90, 95, 78, 96, 88, 89, 74, 100, 91, 94, 79, 97, 85, 86, 67, 98, 83, 92, 63, 93, 81]

Medians: 55
H_low: [55, 47, 54, 43, 41, 52, 53, 38, 39, 37, 23, 27, 50, 49, 51, 36, 34, 35, 31, 29, 33, 19, 17, 11, 15, 45, 48, 46, 44, 42, 40, 21, 13, 25, 32, 30, 28, 26, 24, 22, 20, 18, 16, 14, 12, 10]
H_high: [56, 57, 71, 64, 58, 76, 72, 69, 65, 61, 59, 87, 77, 75, 73, 84, 70, 68, 66, 80, 62, 60, 82, 99, 90, 95, 78, 96, 88, 89, 74, 100, 91, 94, 79, 97, 85, 86, 67, 98, 83, 92, 63, 93, 81]

Medians: 54 55
H_low: [54, 47, 53, 43, 41, 52, 51, 38, 39, 37, 23, 27, 50, 49, 42, 36, 34, 35, 31, 29, 33, 19, 17, 11, 15, 45, 48, 46, 44, 9, 40, 21, 13, 25, 32, 30, 28, 26, 24, 22, 20, 18, 16, 14, 12, 10]
H_high: [55, 56, 71, 64, 57, 76, 72, 69, 65, 61, 58, 87, 77, 75, 73, 84, 70, 68, 66, 80, 62, 60, 59, 99, 90, 95, 78, 96, 88, 89, 74, 100, 91, 94, 79, 97, 85, 86, 67, 98, 83, 92, 63, 93, 81, 82]

Medians: 54
H_low: [54, 47, 53, 43, 41, 52, 51, 38, 39, 37, 23, 27, 50, 49, 42, 36, 34, 35, 31, 29, 33, 19, 17, 11, 15, 45, 48, 46, 44, 9, 40, 21, 13, 25, 32, 30, 28, 26, 24, 22, 20, 18, 16, 14, 12, 10, 8]
H_high: [55, 56, 71, 64, 57, 76, 72, 69, 65, 61, 58, 87, 77, 75, 73, 84, 70, 68, 66, 80, 62, 60, 59, 99, 90, 95, 78, 96, 88, 89, 74, 100, 91, 94, 79, 97, 85, 86, 67, 98, 83, 92, 63, 93, 81, 82]

Medians: 53 54
H_low: [53, 47, 52, 43, 41, 50, 51, 38, 39, 37, 23, 27, 48, 49, 42, 36, 34, 35, 31, 29, 33, 19, 17, 11, 15, 45, 7, 46, 44, 9, 40, 21, 13, 25, 32, 30, 28, 26, 24, 22, 20, 18, 16, 14, 12, 10, 8]
H_high: [54, 55, 71, 64, 56, 76, 72, 69, 65, 61, 57, 87, 77, 75, 73, 84, 70, 68, 66, 80, 62, 60, 58, 99, 90, 95, 78, 96, 88, 89, 74, 100, 91, 94, 79, 97, 85, 86, 67, 98, 83, 92, 63, 93, 81, 82, 59]

Medians: 53
H_low: [53, 47, 52, 43, 41, 50, 51, 38, 39, 37, 23, 27, 48, 49, 42, 36, 34, 35, 31, 29, 33, 19, 17, 11, 15, 45, 7, 46, 44, 9, 40, 21, 13, 25, 32, 30, 28, 26, 24, 22, 20, 18, 16, 14, 12, 10, 8, 6]
H_high: [54, 55, 71, 64, 56, 76, 72, 69, 65, 61, 57, 87, 77, 75, 73, 84, 70, 68, 66, 80, 62, 60, 58, 99, 90, 95, 78, 96, 88, 89, 74, 100, 91, 94, 79, 97, 85, 86, 67, 98, 83, 92, 63, 93, 81, 82, 59]

Medians: 52 53
H_low: [52, 47, 51, 43, 41, 50, 49, 38, 39, 37, 23, 27, 48, 46, 42, 36, 34, 35, 31, 29, 33, 19, 17, 11, 15, 45, 7, 5, 44, 9, 40, 21, 13, 25, 32, 30, 28, 26, 24, 22, 20, 18, 16, 14, 12, 10, 8, 6]
H_high: [53, 55, 54, 64, 56, 71, 72, 69, 65, 61, 57, 76, 77, 75, 73, 84, 70, 68, 66, 80, 62, 60, 58, 87, 90, 95, 78, 96, 88, 89, 74, 100, 91, 94, 79, 97, 85, 86, 67, 98, 83, 92, 63, 93, 81, 82, 59, 99]

Medians: 52
H_low: [52, 47, 51, 43, 41, 50, 49, 38, 39, 37, 23, 27, 48, 46, 42, 36, 34, 35, 31, 29, 33, 19, 17, 11, 15, 45, 7, 5, 44, 9, 40, 21, 13, 25, 32, 30, 28, 26, 24, 22, 20, 18, 16, 14, 12, 10, 8, 6, 4]
H_high: [53, 55, 54, 64, 56, 71, 72, 69, 65, 61, 57, 76, 77, 75, 73, 84, 70, 68, 66, 80, 62, 60, 58, 87, 90, 95, 78, 96, 88, 89, 74, 100, 91, 94, 79, 97, 85, 86, 67, 98, 83, 92, 63, 93, 81, 82, 59, 99]

Medians: 51 52
H_low: [51, 47, 50, 43, 41, 48, 49, 38, 39, 37, 23, 27, 45, 46, 42, 36, 34, 35, 31, 29, 33, 19, 17, 11, 15, 3, 7, 5, 44, 9, 40, 21, 13, 25, 32, 30, 28, 26, 24, 22, 20, 18, 16, 14, 12, 10, 8, 6, 4]
H_high: [52, 55, 53, 64, 56, 54, 72, 69, 65, 61, 57, 71, 77, 75, 73, 84, 70, 68, 66, 80, 62, 60, 58, 76, 90, 95, 78, 96, 88, 89, 74, 100, 91, 94, 79, 97, 85, 86, 67, 98, 83, 92, 63, 93, 81, 82, 59, 99, 87]

Medians: 51
H_low: [51, 47, 50, 43, 41, 48, 49, 38, 39, 37, 23, 27, 45, 46, 42, 36, 34, 35, 31, 29, 33, 19, 17, 11, 15, 3, 7, 5, 44, 9, 40, 21, 13, 25, 32, 30, 28, 26, 24, 22, 20, 18, 16, 14, 12, 10, 8, 6, 4, 2]
H_high: [52, 55, 53, 64, 56, 54, 72, 69, 65, 61, 57, 71, 77, 75, 73, 84, 70, 68, 66, 80, 62, 60, 58, 76, 90, 95, 78, 96, 88, 89, 74, 100, 91, 94, 79, 97, 85, 86, 67, 98, 83, 92, 63, 93, 81, 82, 59, 99, 87]

Medians: 50 51
H_low: [50, 47, 49, 43, 41, 48, 46, 38, 39, 37, 23, 27, 45, 44, 42, 36, 34, 35, 31, 29, 33, 19, 17, 11, 15, 3, 7, 5, 1, 9, 40, 21, 13, 25, 32, 30, 28, 26, 24, 22, 20, 18, 16, 14, 12, 10, 8, 6, 4, 2]
H_high: [51, 55, 52, 64, 56, 53, 72, 69, 65, 61, 57, 54, 77, 75, 73, 84, 70, 68, 66, 80, 62, 60, 58, 76, 71, 95, 78, 96, 88, 89, 74, 100, 91, 94, 79, 97, 85, 86, 67, 98, 83, 92, 63, 93, 81, 82, 59, 99, 87, 90]

