Medians: 1
H_low: []
H_high: [1]

Medians: 1 2
H_low: [1]
H_high: [2]

Medians: 2
H_low: [1]
H_high: [2, 3]

Medians: 2 3
H_low: [2, 1]
H_high: [3, 4]

Medians: 3
H_low: [2, 1]
H_high: [3, 4, 5]

Medians: 3 4
H_low: [3, 1, 2]
H_high: [4, 6, 5]

Medians: 4
H_low: [3, 1, 2]
H_high: [4, 6, 5, 7]

Medians: 4 5
H_low: [4, 3, 2, 1]
H_high: [5, 6, 8, 7]

Medians: 5
H_low: [4, 3, 2, 1]
H_high: [5, 6, 8, 7, 9]

Medians: 5 6
H_low: [5, 4, 2, 1, 3]
H_high: [6, 7, 8, 10, 9]

Medians: 6
H_low: [5, 4, 2, 1, 3]
H_high: [6, 7, 8, 10, 9, 11]

Medians: 6 7
H_low: [6, 4, 5, 1, 3, 2]
H_high: [7, 9, 8, 10, 12, 11]

Medians: 7
H_low: [6, 4, 5, 1, 3, 2]
H_high: [7, 9, 8, 10, 12, 11, 13]

Medians: 7 8
H_low: [7, 4, 6, 1, 3, 2, 5]
H_high: [8, 9, 11, 10, 12, 14, 13]

Medians: 8
H_low: [7, 4, 6, 1, 3, 2, 5]
H_high: [8, 9, 11, 10, 12, 14, 13, 15]

Medians: 8 9
H_low: [8, 7, 6, 4, 3, 2, 5, 1]
H_high: [9, 10, 11, 15, 12, 14, 13, 16]

Medians: 9
H_low: [8, 7, 6, 4, 3, 2, 5, 1]
H_high: [9, 10, 11, 15, 12, 14, 13, 16, 17]

Medians: 9 10
H_low: [9, 8, 6, 7, 3, 2, 5, 1, 4]
H_high: [10, 12, 11, 15, 18, 14, 13, 16, 17]

Medians: 10
H_low: [9, 8, 6, 7, 3, 2, 5, 1, 4]
H_high: [10, 12, 11, 15, 18, 14, 13, 16, 17, 19]

Medians: 10 11
H_low: [10, 9, 6, 7, 8, 2, 5, 1, 4, 3]
H_high: [11, 12, 13, 15, 18, 14, 20, 16, 17, 19]

Medians: 11
H_low: [10, 9, 6, 7, 8, 2, 5, 1, 4, 3]
H_high: [11, 12, 13, 15, 18, 14, 20, 16, 17, 19, 21]

Medians: 11 12
H_low: [11, 10, 6, 7, 9, 2, 5, 1, 4, 3, 8]
H_high: [12, 15, 13, 16, 18, 14, 20, 22, 17, 19, 21]

Medians: 12
H_low: [11, 10, 6, 7, 9, 2, 5, 1, 4, 3, 8]
H_high: [12, 15, 13, 16, 18, 14, 20, 22, 17, 19, 21, 23]

Medians: 12 13
H_low: [12, 10, 11, 7, 9, 6, 5, 1, 4, 3, 8, 2]
H_high: [13, 15, 14, 16, 18, 23, 20, 22, 17, 19, 21, 24]

Medians: 13
H_low: [12, 10, 11, 7, 9, 6, 5, 1, 4, 3, 8, 2]
H_high: [13, 15, 14, 16, 18, 23, 20, 22, 17, 19, 21, 24, 25]

Medians: 13 14
H_low: [13, 10, 12, 7, 9, 11, 5, 1, 4, 3, 8, 2, 6]
H_high: [14, 15, 20, 16, 18, 23, 26, 22, 17, 19, 21, 24, 25]

Medians: 14
H_low: [13, 10, 12, 7, 9, 11, 5, 1, 4, 3, 8, 2, 6]
H_high: [14, 15, 20, 16, 18, 23, 26, 22, 17, 19, 21, 24, 25, 27]

Medians: 14 15
H_low: [14, 10, 13, 7, 9, 11, 12, 1, 4, 3, 8, 2, 6, 5]
H_high: [15, 16, 20, 17, 18, 23, 26, 22, 28, 19, 21, 24, 25, 27]

Medians: 15
H_low: [14, 10, 13, 7, 9, 11, 12, 1, 4, 3, 8, 2, 6, 5]
H_high: [15, 16, 20, 17, 18, 23, 26, 22, 28, 19, 21, 24, 25, 27, 29]

Medians: 15 16
H_low: [15, 10, 14, 7, 9, 11, 13, 1, 4, 3, 8, 2, 6, 5, 12]
H_high: [16, 17, 20, 22, 18, 23, 26, 30, 28, 19, 21, 24, 25, 27, 29]

Medians: 16
H_low: [15, 10, 14, 7, 9, 11, 13, 1, 4, 3, 8, 2, 6, 5, 12]
H_high: [16, 17, 20, 22, 18, 23, 26, 30, 28, 19, 21, 24, 25, 27, 29, 31]

Medians: 16 17
H_low: [16, 15, 14, 10, 9, 11, 13, 7, 4, 3, 8, 2, 6, 5, 12, 1]
H_high: [17, 18, 20, 22, 19, 23, 26, 30, 28, 32, 21, 24, 25, 27, 29, 31]

Medians: 17
H_low: [16, 15, 14, 10, 9, 11, 13, 7, 4, 3, 8, 2, 6, 5, 12, 1]
H_high: [17, 18, 20, 22, 19, 23, 26, 30, 28, 32, 21, 24, 25, 27, 29, 31, 33]

Medians: 17 18
H_low: [17, 16, 14, 15, 9, 11, 13, 10, 4, 3, 8, 2, 6, 5, 12, 1, 7]
H_high: [18, 19, 20, 22, 21, 23, 26, 30, 28, 32, 34, 24, 25, 27, 29, 31, 33]

Medians: 18
H_low: [17, 16, 14, 15, 9, 11, 13, 10, 4, 3, 8, 2, 6, 5, 12, 1, 7]
H_high: [18, 19, 20, 22, 21, 23, 26, 30, 28, 32, 34, 24, 25, 27, 29, 31, 33, 35]

Medians: 18 19
H_low: [18, 17, 14, 16, 9, 11, 13, 10, 15, 3, 8, 2, 6, 5, 12, 1, 7, 4]
H_high: [19, 21, 20, 22, 32, 23, 26, 30, 28, 36, 34, 24, 25, 27, 29, 31, 33, 35]

Medians: 19
H_low: [18, 17, 14, 16, 9, 11, 13, 10, 15, 3, 8, 2, 6, 5, 12, 1, 7, 4]
H_high: [19, 21, 20, 22, 32, 23, 26, 30, 28, 36, 34, 24, 25, 27, 29, 31, 33, 35, 37]

Medians: 19 20
H_low: [19, 18, 14, 17, 9, 11, 13, 10, 16, 3, 8, 2, 6, 5, 12, 1, 7, 4, 15]
H_high: [20, 21, 23, 22, 32, 24, 26, 30, 28, 36, 34, 38, 25, 27, 29, 31, 33, 35, 37]

Medians: 20
H_low: [19, 18, 14, 17, 9, 11, 13, 10, 16, 3, 8, 2, 6, 5, 12, 1, 7, 4, 15]
H_high: [20, 21, 23, 22, 32, 24, 26, 30, 28, 36, 34, 38, 25, 27, 29, 31, 33, 35, 37, 39]

Medians: 20 21
H_low: [20, 19, 14, 17, 18, 11, 13, 10, 16, 9, 8, 2, 6, 5, 12, 1, 7, 4, 15, 3]
H_high: [21, 22, 23, 28, 32, 24, 26, 30, 35, 36, 34, 38, 25, 27, 29, 31, 33, 40, 37, 39]

Medians: 21
H_low: [20, 19, 14, 17, 18, 11, 13, 10, 16, 9, 8, 2, 6, 5, 12, 1, 7, 4, 15, 3]
H_high: [21, 22, 23, 28, 32, 24, 26, 30, 35, 36, 34, 38, 25, 27, 29, 31, 33, 40, 37, 39, 41]

Medians: 21 22
H_low: [21, 20, 14, 17, 19, 11, 13, 10, 16, 18, 8, 2, 6, 5, 12, 1, 7, 4, 15, 3, 9]
H_high: [22, 28, 23, 30, 32, 24, 26, 31, 35, 36, 34, 38, 25, 27, 29, 42, 33, 40, 37, 39, 41]

Medians: 22
H_low: [21, 20, 14, 17, 19, 11, 13, 10, 16, 18, 8, 2, 6, 5, 12, 1, 7, 4, 15, 3, 9]
H_high: [22, 28, 23, 30, 32, 24, 26, 31, 35, 36, 34, 38, 25, 27, 29, 42, 33, 40, 37, 39, 41, 43]

Medians: 22 23
H_low: [22, 21, 14, 17, 20, 11, 13, 10, 16, 18, 19, 2, 6, 5, 12, 1, 7, 4, 15, 3, 9, 8]
H_high: [23, 28, 24, 30, 32, 25, 26, 31, 35, 36, 34, 38, 44, 27, 29, 42, 33, 40, 37, 39, 41, 43]

Medians: 23
H_low: [22, 21, 14, 17, 20, 11, 13, 10, 16, 18, 19, 2, 6, 5, 12, 1, 7, 4, 15, 3, 9, 8]
H_high: [23, 28, 24, 30, 32, 25, 26, 31, 35, 36, 34, 38, 44, 27, 29, 42, 33, 40, 37, 39, 41, 43, 45]

Medians: 23 24
H_low: [23, 22, 14, 17, 21, 11, 13, 10, 16, 18, 20, 2, 6, 5, 12, 1, 7, 4, 15, 3, 9, 8, 19]
H_high: [24, 28, 25, 30, 32, 38, 26, 31, 35, 36, 34, 46, 44, 27, 29, 42, 33, 40, 37, 39, 41, 43, 45]

Medians: 24
H_low: [23, 22, 14, 17, 21, 11, 13, 10, 16, 18, 20, 2, 6, 5, 12, 1, 7, 4, 15, 3, 9, 8, 19]
H_high: [24, 28, 25, 30, 32, 38, 26, 31, 35, 36, 34, 46, 44, 27, 29, 42, 33, 40, 37, 39, 41, 43, 45, 47]

Medians: 24 25
H_low: [24, 22, 23, 17, 21, 14, 13, 10, 16, 18, 20, 11, 6, 5, 12, 1, 7, 4, 15, 3, 9, 8, 19, 2]
H_high: [25, 28, 26, 30, 32, 38, 27, 31, 35, 36, 34, 46, 44, 48, 29, 42, 33, 40, 37, 39, 41, 43, 45, 47]

Medians: 25
H_low: [24, 22, 23, 17, 21, 14, 13, 10, 16, 18, 20, 11, 6, 5, 12, 1, 7, 4, 15, 3, 9, 8, 19, 2]
H_high: [25, 28, 26, 30, 32, 38, 27, 31, 35, 36, 34, 46, 44, 48, 29, 42, 33, 40, 37, 39, 41, 43, 45, 47, 49]

Medians: 25 26
H_low: [25, 22, 24, 17, 21, 23, 13, 10, 16, 18, 20, 14, 6, 5, 12, 1, 7, 4, 15, 3, 9, 8, 19, 2, 11]
H_high: [26, 28, 27, 30, 32, 38, 29, 31, 35, 36, 34, 46, 44, 48, 50, 42, 33, 40, 37, 39, 41, 43, 45, 47, 49]

Medians: 26
H_low: [25, 22, 24, 17, 21, 23, 13, 10, 16, 18, 20, 14, 6, 5, 12, 1, 7, 4, 15, 3, 9, 8, 19, 2, 11]
H_high: [26, 28, 27, 30, 32, 38, 29, 31, 35, 36, 34, 46, 44, 48, 50, 42, 33, 40, 37, 39, 41, 43, 45, 47, 49, 51]

Medians: 26 27
H_low: [26, 22, 25, 17, 21, 24, 13, 10, 16, 18, 20, 14, 23, 5, 12, 1, 7, 4, 15, 3, 9, 8, 19, 2, 11, 6]
H_high: [27, 28, 29, 30, 32, 38, 48, 31, 35, 36, 34, 46, 44, 52, 50, 42, 33, 40, 37, 39, 41, 43, 45, 47, 49, 51]

Medians: 27
H_low: [26, 22, 25, 17, 21, 24, 13, 10, 16, 18, 20, 14, 23, 5, 12, 1, 7, 4, 15, 3, 9, 8, 19, 2, 11, 6]
H_high: [27, 28, 29, 30, 32, 38, 48, 31, 35, 36, 34, 46, 44, 52, 50, 42, 33, 40, 37, 39, 41, 43, 45, 47, 49, 51, 53]

Medians: 27 28
H_low: [27, 22, 26, 17, 21, 25, 13, 10, 16, 18, 20, 14, 24, 5, 12, 1, 7, 4, 15, 3, 9, 8, 19, 2, 11, 6, 23]
H_high: [28, 30, 29, 31, 32, 38, 48, 33, 35, 36, 34, 46, 44, 52, 50, 42, 54, 40, 37, 39, 41, 43, 45, 47, 49, 51, 53]

Medians: 28
H_low: [27, 22, 26, 17, 21, 25, 13, 10, 16, 18, 20, 14, 24, 5, 12, 1, 7, 4, 15, 3, 9, 8, 19, 2, 11, 6, 23]
H_high: [28, 30, 29, 31, 32, 38, 48, 33, 35, 36, 34, 46, 44, 52, 50, 42, 54, 40, 37, 39, 41, 43, 45, 47, 49, 51, 53, 55]

Medians: 28 29
H_low: [28, 22, 27, 17, 21, 25, 26, 10, 16, 18, 20, 14, 24, 13, 12, 1, 7, 4, 15, 3, 9, 8, 19, 2, 11, 6, 23, 5]
H_high: [29, 30, 38, 31, 32, 44, 48, 33, 35, 36, 34, 46, 51, 52, 50, 42, 54, 40, 37, 39, 41, 43, 45, 47, 49, 56, 53, 55]

Medians: 29
H_low: [28, 22, 27, 17, 21, 25, 26, 10, 16, 18, 20, 14, 24, 13, 12, 1, 7, 4, 15, 3, 9, 8, 19, 2, 11, 6, 23, 5]
H_high: [29, 30, 38, 31, 32, 44, 48, 33, 35, 36, 34, 46, 51, 52, 50, 42, 54, 40, 37, 39, 41, 43, 45, 47, 49, 56, 53, 55, 57]

Medians: 29 30
H_low: [29, 22, 28, 17, 21, 25, 27, 10, 16, 18, 20, 14, 24, 26, 12, 1, 7, 4, 15, 3, 9, 8, 19, 2, 11, 6, 23, 5, 13]
H_high: [30, 31, 38, 33, 32, 44, 48, 42, 35, 36, 34, 46, 51, 52, 50, 58, 54, 40, 37, 39, 41, 43, 45, 47, 49, 56, 53, 55, 57]

Medians: 30
H_low: [29, 22, 28, 17, 21, 25, 27, 10, 16, 18, 20, 14, 24, 26, 12, 1, 7, 4, 15, 3, 9, 8, 19, 2, 11, 6, 23, 5, 13]
H_high: [30, 31, 38, 33, 32, 44, 48, 42, 35, 36, 34, 46, 51, 52, 50, 58, 54, 40, 37, 39, 41, 43, 45, 47, 49, 56, 53, 55, 57, 59]

Medians: 30 31
H_low: [30, 22, 29, 17, 21, 25, 28, 10, 16, 18, 20, 14, 24, 26, 27, 1, 7, 4, 15, 3, 9, 8, 19, 2, 11, 6, 23, 5, 13, 12]
H_high: [31, 32, 38, 33, 34, 44, 48, 42, 35, 36, 43, 46, 51, 52, 50, 58, 54, 40, 37, 39, 41, 60, 45, 47, 49, 56, 53, 55, 57, 59]

Medians: 31
H_low: [30, 22, 29, 17, 21, 25, 28, 10, 16, 18, 20, 14, 24, 26, 27, 1, 7, 4, 15, 3, 9, 8, 19, 2, 11, 6, 23, 5, 13, 12]
H_high: [31, 32, 38, 33, 34, 44, 48, 42, 35, 36, 43, 46, 51, 52, 50, 58, 54, 40, 37, 39, 41, 60, 45, 47, 49, 56, 53, 55, 57, 59, 61]

Medians: 31 32
H_low: [31, 22, 30, 17, 21, 25, 29, 10, 16, 18, 20, 14, 24, 26, 28, 1, 7, 4, 15, 3, 9, 8, 19, 2, 11, 6, 23, 5, 13, 12, 27]
H_high: [32, 33, 38, 35, 34, 44, 48, 42, 37, 36, 43, 46, 51, 52, 50, 58, 54, 40, 62, 39, 41, 60, 45, 47, 49, 56, 53, 55, 57, 59, 61]

Medians: 32
H_low: [31, 22, 30, 17, 21, 25, 29, 10, 16, 18, 20, 14, 24, 26, 28, 1, 7, 4, 15, 3, 9, 8, 19, 2, 11, 6, 23, 5, 13, 12, 27]
H_high: [32, 33, 38, 35, 34, 44, 48, 42, 37, 36, 43, 46, 51, 52, 50, 58, 54, 40, 62, 39, 41, 60, 45, 47, 49, 56, 53, 55, 57, 59, 61, 63]

Medians: 32 33
H_low: [32, 31, 30, 22, 21, 25, 29, 17, 16, 18, 20, 14, 24, 26, 28, 10, 7, 4, 15, 3, 9, 8, 19, 2, 11, 6, 23, 5, 13, 12, 27, 1]
H_high: [33, 34, 38, 35, 36, 44, 48, 42, 37, 39, 43, 46, 51, 52, 50, 58, 54, 40, 62, 64, 41, 60, 45, 47, 49, 56, 53, 55, 57, 59, 61, 63]

Medians: 33
H_low: [32, 31, 30, 22, 21, 25, 29, 17, 16, 18, 20, 14, 24, 26, 28, 10, 7, 4, 15, 3, 9, 8, 19, 2, 11, 6, 23, 5, 13, 12, 27, 1]
H_high: [33, 34, 38, 35, 36, 44, 48, 42, 37, 39, 43, 46, 51, 52, 50, 58, 54, 40, 62, 64, 41, 60, 45, 47, 49, 56, 53, 55, 57, 59, 61, 63, 65]

Medians: 33 34
H_low: [33, 32, 30, 31, 21, 25, 29, 22, 16, 18, 20, 14, 24, 26, 28, 17, 7, 4, 15, 3, 9, 8, 19, 2, 11, 6, 23, 5, 13, 12, 27, 1, 10]
H_high: [34, 35, 38, 37, 36, 44, 48, 42, 40, 39, 43, 46, 51, 52, 50, 58, 54, 66, 62, 64, 41, 60, 45, 47, 49, 56, 53, 55, 57, 59, 61, 63, 65]

Medians: 34
H_low: [33, 32, 30, 31, 21, 25, 29, 22, 16, 18, 20, 14, 24, 26, 28, 17, 7, 4, 15, 3, 9, 8, 19, 2, 11, 6, 23, 5, 13, 12, 27, 1, 10]
H_high: [34, 35, 38, 37, 36, 44, 48, 42, 40, 39, 43, 46, 51, 52, 50, 58, 54, 66, 62, 64, 41, 60, 45, 47, 49, 56, 53, 55, 57, 59, 61, 63, 65, 67]

Medians: 34 35
H_low: [34, 33, 30, 32, 21, 25, 29, 31, 16, 18, 20, 14, 24, 26, 28, 17, 22, 4, 15, 3, 9, 8, 19, 2, 11, 6, 23, 5, 13, 12, 27, 1, 10, 7]
H_high: [35, 36, 38, 37, 39, 44, 48, 42, 40, 41, 43, 46, 51, 52, 50, 58, 54, 66, 62, 64, 68, 60, 45, 47, 49, 56, 53, 55, 57, 59, 61, 63, 65, 67]

Medians: 35
H_low: [34, 33, 30, 32, 21, 25, 29, 31, 16, 18, 20, 14, 24, 26, 28, 17, 22, 4, 15, 3, 9, 8, 19, 2, 11, 6, 23, 5, 13, 12, 27, 1, 10, 7]
H_high: [35, 36, 38, 37, 39, 44, 48, 42, 40, 41, 43, 46, 51, 52, 50, 58, 54, 66, 62, 64, 68, 60, 45, 47, 49, 56, 53, 55, 57, 59, 61, 63, 65, 67, 69]

Medians: 35 36
H_low: [35, 34, 30, 33, 21, 25, 29, 32, 16, 18, 20, 14, 24, 26, 28, 17, 31, 4, 15, 3, 9, 8, 19, 2, 11, 6, 23, 5, 13, 12, 27, 1, 10, 7, 22]
H_high: [36, 37, 38, 40, 39, 44, 48, 42, 62, 41, 43, 46, 51, 52, 50, 58, 54, 66, 70, 64, 68, 60, 45, 47, 49, 56, 53, 55, 57, 59, 61, 63, 65, 67, 69]

Medians: 36
H_low: [35, 34, 30, 33, 21, 25, 29, 32, 16, 18, 20, 14, 24, 26, 28, 17, 31, 4, 15, 3, 9, 8, 19, 2, 11, 6, 23, 5, 13, 12, 27, 1, 10, 7, 22]
H_high: [36, 37, 38, 40, 39, 44, 48, 42, 62, 41, 43, 46, 51, 52, 50, 58, 54, 66, 70, 64, 68, 60, 45, 47, 49, 56, 53, 55, 57, 59, 61, 63, 65, 67, 69, 71]

Medians: 36 37
H_low: [36, 35, 30, 34, 21, 25, 29, 32, 33, 18, 20, 14, 24, 26, 28, 17, 31, 16, 15, 3, 9, 8, 19, 2, 11, 6, 23, 5, 13, 12, 27, 1, 10, 7, 22, 4]
H_high: [37, 39, 38, 40, 41, 44, 48, 42, 62, 64, 43, 46, 51, 52, 50, 58, 54, 66, 70, 72, 68, 60, 45, 47, 49, 56, 53, 55, 57, 59, 61, 63, 65, 67, 69, 71]

Medians: 37
H_low: [36, 35, 30, 34, 21, 25, 29, 32, 33, 18, 20, 14, 24, 26, 28, 17, 31, 16, 15, 3, 9, 8, 19, 2, 11, 6, 23, 5, 13, 12, 27, 1, 10, 7, 22, 4]
H_high: [37, 39, 38, 40, 41, 44, 48, 42, 62, 64, 43, 46, 51, 52, 50, 58, 54, 66, 70, 72, 68, 60, 45, 47, 49, 56, 53, 55, 57, 59, 61, 63, 65, 67, 69, 71, 73]

Medians: 37 38
H_low: [37, 36, 30, 35, 21, 25, 29, 32, 34, 18, 20, 14, 24, 26, 28, 17, 31, 33, 15, 3, 9, 8, 19, 2, 11, 6, 23, 5, 13, 12, 27, 1, 10, 7, 22, 4, 16]
H_high: [38, 39, 44, 40, 41, 46, 48, 42, 62, 64, 43, 47, 51, 52, 50, 58, 54, 66, 70, 72, 68, 60, 45, 74, 49, 56, 53, 55, 57, 59, 61, 63, 65, 67, 69, 71, 73]

Medians: 38
H_low: [37, 36, 30, 35, 21, 25, 29, 32, 34, 18, 20, 14, 24, 26, 28, 17, 31, 33, 15, 3, 9, 8, 19, 2, 11, 6, 23, 5, 13, 12, 27, 1, 10, 7, 22, 4, 16]
H_high: [38, 39, 44, 40, 41, 46, 48, 42, 62, 64, 43, 47, 51, 52, 50, 58, 54, 66, 70, 72, 68, 60, 45, 74, 49, 56, 53, 55, 57, 59, 61, 63, 65, 67, 69, 71, 73, 75]

Medians: 38 39
H_low: [38, 37, 30, 36, 21, 25, 29, 32, 35, 18, 20, 14, 24, 26, 28, 17, 31, 33, 34, 3, 9, 8, 19, 2, 11, 6, 23, 5, 13, 12, 27, 1, 10, 7, 22, 4, 16, 15]
H_high: [39, 40, 44, 42, 41, 46, 48, 54, 62, 64, 43, 47, 51, 52, 50, 58, 67, 66, 70, 72, 68, 60, 45, 74, 49, 56, 53, 55, 57, 59, 61, 63, 65, 76, 69, 71, 73, 75]

Medians: 39
H_low: [38, 37, 30, 36, 21, 25, 29, 32, 35, 18, 20, 14, 24, 26, 28, 17, 31, 33, 34, 3, 9, 8, 19, 2, 11, 6, 23, 5, 13, 12, 27, 1, 10, 7, 22, 4, 16, 15]
H_high: [39, 40, 44, 42, 41, 46, 48, 54, 62, 64, 43, 47, 51, 52, 50, 58, 67, 66, 70, 72, 68, 60, 45, 74, 49, 56, 53, 55, 57, 59, 61, 63, 65, 76, 69, 71, 73, 75, 77]

Medians: 39 40
H_low: [39, 38, 30, 37, 21, 25, 29, 32, 36, 18, 20, 14, 24, 26, 28, 17, 31, 33, 35, 3, 9, 8, 19, 2, 11, 6, 23, 5, 13, 12, 27, 1, 10, 7, 22, 4, 16, 15, 34]
H_high: [40, 41, 44, 42, 43, 46, 48, 54, 62, 64, 45, 47, 51, 52, 50, 58, 67, 66, 70, 72, 68, 60, 78, 74, 49, 56, 53, 55, 57, 59, 61, 63, 65, 76, 69, 71, 73, 75, 77]

Medians: 40
H_low: [39, 38, 30, 37, 21, 25, 29, 32, 36, 18, 20, 14, 24, 26, 28, 17, 31, 33, 35, 3, 9, 8, 19, 2, 11, 6, 23, 5, 13, 12, 27, 1, 10, 7, 22, 4, 16, 15, 34]
H_high: [40, 41, 44, 42, 43, 46, 48, 54, 62, 64, 45, 47, 51, 52, 50, 58, 67, 66, 70, 72, 68, 60, 78, 74, 49, 56, 53, 55, 57, 59, 61, 63, 65, 76, 69, 71, 73, 75, 77, 79]

Medians: 40 41
H_low: [40, 39, 30, 37, 38, 25, 29, 32, 36, 21, 20, 14, 24, 26, 28, 17, 31, 33, 35, 18, 9, 8, 19, 2, 11, 6, 23, 5, 13, 12, 27, 1, 10, 7, 22, 4, 16, 15, 34, 3]
H_high: [41, 42, 44, 54, 43, 46, 48, 58, 62, 64, 45, 47, 51, 52, 50, 63, 67, 66, 70, 72, 68, 60, 78, 74, 49, 56, 53, 55, 57, 59, 61, 80, 65, 76, 69, 71, 73, 75, 77, 79]

Medians: 41
H_low: [40, 39, 30, 37, 38, 25, 29, 32, 36, 21, 20, 14, 24, 26, 28, 17, 31, 33, 35, 18, 9, 8, 19, 2, 11, 6, 23, 5, 13, 12, 27, 1, 10, 7, 22, 4, 16, 15, 34, 3]
H_high: [41, 42, 44, 54, 43, 46, 48, 58, 62, 64, 45, 47, 51, 52, 50, 63, 67, 66, 70, 72, 68, 60, 78, 74, 49, 56, 53, 55, 57, 59, 61, 80, 65, 76, 69, 71, 73, 75, 77, 79, 81]

Medians: 41 42
H_low: [41, 40, 30, 37, 39, 25, 29, 32, 36, 38, 20, 14, 24, 26, 28, 17, 31, 33, 35, 21, 9, 8, 19, 2, 11, 6, 23, 5, 13, 12, 27, 1, 10, 7, 22, 4, 16, 15, 34, 3, 18]
H_high: [42, 43, 44, 54, 45, 46, 48, 58, 62, 64, 60, 47, 51, 52, 50, 63, 67, 66, 70, 72, 68, 82, 78, 74, 49, 56, 53, 55, 57, 59, 61, 80, 65, 76, 69, 71, 73, 75, 77, 79, 81]

Medians: 42
H_low: [41, 40, 30, 37, 39, 25, 29, 32, 36, 38, 20, 14, 24, 26, 28, 17, 31, 33, 35, 21, 9, 8, 19, 2, 11, 6, 23, 5, 13, 12, 27, 1, 10, 7, 22, 4, 16, 15, 34, 3, 18]
H_high: [42, 43, 44, 54, 45, 46, 48, 58, 62, 64, 60, 47, 51, 52, 50, 63, 67, 66, 70, 72, 68, 82, 78, 74, 49, 56, 53, 55, 57, 59, 61, 80, 65, 76, 69, 71, 73, 75, 77, 79, 81, 83]

Medians: 42 43
H_low: [42, 41, 30, 37, 40, 25, 29, 32, 36, 39, 20, 14, 24, 26, 28, 17, 31, 33, 35, 21, 38, 8, 19, 2, 11, 6, 23, 5, 13, 12, 27, 1, 10, 7, 22, 4, 16, 15, 34, 3, 18, 9]
H_high: [43, 45, 44, 54, 60, 46, 48, 58, 62, 64, 78, 47, 51, 52, 50, 63, 67, 66, 70, 72, 68, 82, 84, 74, 49, 56, 53, 55, 57, 59, 61, 80, 65, 76, 69, 71, 73, 75, 77, 79, 81, 83]

Medians: 43
H_low: [42, 41, 30, 37, 40, 25, 29, 32, 36, 39, 20, 14, 24, 26, 28, 17, 31, 33, 35, 21, 38, 8, 19, 2, 11, 6, 23, 5, 13, 12, 27, 1, 10, 7, 22, 4, 16, 15, 34, 3, 18, 9]
H_high: [43, 45, 44, 54, 60, 46, 48, 58, 62, 64, 78, 47, 51, 52, 50, 63, 67, 66, 70, 72, 68, 82, 84, 74, 49, 56, 53, 55, 57, 59, 61, 80, 65, 76, 69, 71, 73, 75, 77, 79, 81, 83, 85]

Medians: 43 44
H_low: [43, 42, 30, 37, 41, 25, 29, 32, 36, 40, 20, 14, 24, 26, 28, 17, 31, 33, 35, 21, 39, 8, 19, 2, 11, 6, 23, 5, 13, 12, 27, 1, 10, 7, 22, 4, 16, 15, 34, 3, 18, 9, 38]
H_high: [44, 45, 46, 54, 60, 47, 48, 58, 62, 64, 78, 49, 51, 52, 50, 63, 67, 66, 70, 72, 68, 82, 84, 74, 86, 56, 53, 55, 57, 59, 61, 80, 65, 76, 69, 71, 73, 75, 77, 79, 81, 83, 85]

Medians: 44
H_low: [43, 42, 30, 37, 41, 25, 29, 32, 36, 40, 20, 14, 24, 26, 28, 17, 31, 33, 35, 21, 39, 8, 19, 2, 11, 6, 23, 5, 13, 12, 27, 1, 10, 7, 22, 4, 16, 15, 34, 3, 18, 9, 38]
H_high: [44, 45, 46, 54, 60, 47, 48, 58, 62, 64, 78, 49, 51, 52, 50, 63, 67, 66, 70, 72, 68, 82, 84, 74, 86, 56, 53, 55, 57, 59, 61, 80, 65, 76, 69, 71, 73, 75, 77, 79, 81, 83, 85, 87]

Medians: 44 45
H_low: [44, 43, 30, 37, 42, 25, 29, 32, 36, 40, 41, 14, 24, 26, 28, 17, 31, 33, 35, 21, 39, 20, 19, 2, 11, 6, 23, 5, 13, 12, 27, 1, 10, 7, 22, 4, 16, 15, 34, 3, 18, 9, 38, 8]
H_high: [45, 54, 46, 58, 60, 47, 48, 63, 62, 64, 78, 49, 51, 52, 50, 65, 67, 66, 70, 72, 68, 82, 84, 74, 86, 56, 53, 55, 57, 59, 61, 80, 88, 76, 69, 71, 73, 75, 77, 79, 81, 83, 85, 87]

Medians: 45
H_low: [44, 43, 30, 37, 42, 25, 29, 32, 36, 40, 41, 14, 24, 26, 28, 17, 31, 33, 35, 21, 39, 20, 19, 2, 11, 6, 23, 5, 13, 12, 27, 1, 10, 7, 22, 4, 16, 15, 34, 3, 18, 9, 38, 8]
H_high: [45, 54, 46, 58, 60, 47, 48, 63, 62, 64, 78, 49, 51, 52, 50, 65, 67, 66, 70, 72, 68, 82, 84, 74, 86, 56, 53, 55, 57, 59, 61, 80, 88, 76, 69, 71, 73, 75, 77, 79, 81, 83, 85, 87, 89]

Medians: 45 46
H_low: [45, 44, 30, 37, 43, 25, 29, 32, 36, 40, 42, 14, 24, 26, 28, 17, 31, 33, 35, 21, 39, 41, 19, 2, 11, 6, 23, 5, 13, 12, 27, 1, 10, 7, 22, 4, 16, 15, 34, 3, 18, 9, 38, 8, 20]
H_high: [46, 54, 47, 58, 60, 49, 48, 63, 62, 64, 78, 74, 51, 52, 50, 65, 67, 66, 70, 72, 68, 82, 84, 90, 86, 56, 53, 55, 57, 59, 61, 80, 88, 76, 69, 71, 73, 75, 77, 79, 81, 83, 85, 87, 89]

Medians: 46
H_low: [45, 44, 30, 37, 43, 25, 29, 32, 36, 40, 42, 14, 24, 26, 28, 17, 31, 33, 35, 21, 39, 41, 19, 2, 11, 6, 23, 5, 13, 12, 27, 1, 10, 7, 22, 4, 16, 15, 34, 3, 18, 9, 38, 8, 20]
H_high: [46, 54, 47, 58, 60, 49, 48, 63, 62, 64, 78, 74, 51, 52, 50, 65, 67, 66, 70, 72, 68, 82, 84, 90, 86, 56, 53, 55, 57, 59, 61, 80, 88, 76, 69, 71, 73, 75, 77, 79, 81, 83, 85, 87, 89, 91]

Medians: 46 47
H_low: [46, 45, 30, 37, 44, 25, 29, 32, 36, 40, 43, 14, 24, 26, 28, 17, 31, 33, 35, 21, 39, 41, 42, 2, 11, 6, 23, 5, 13, 12, 27, 1, 10, 7, 22, 4, 16, 15, 34, 3, 18, 9, 38, 8, 20, 19]
H_high: [47, 54, 48, 58, 60, 49, 50, 63, 62, 64, 78, 74, 51, 52, 59, 65, 67, 66, 70, 72, 68, 82, 84, 90, 86, 56, 53, 55, 57, 92, 61, 80, 88, 76, 69, 71, 73, 75, 77, 79, 81, 83, 85, 87, 89, 91]

Medians: 47
H_low: [46, 45, 30, 37, 44, 25, 29, 32, 36, 40, 43, 14, 24, 26, 28, 17, 31, 33, 35, 21, 39, 41, 42, 2, 11, 6, 23, 5, 13, 12, 27, 1, 10, 7, 22, 4, 16, 15, 34, 3, 18, 9, 38, 8, 20, 19]
H_high: [47, 54, 48, 58, 60, 49, 50, 63, 62, 64, 78, 74, 51, 52, 59, 65, 67, 66, 70, 72, 68, 82, 84, 90, 86, 56, 53, 55, 57, 92, 61, 80, 88, 76, 69, 71, 73, 75, 77, 79, 81, 83, 85, 87, 89, 91, 93]

Medians: 47 48
H_low: [47, 46, 30, 37, 45, 25, 29, 32, 36, 40, 44, 14, 24, 26, 28, 17, 31, 33, 35, 21, 39, 41, 43, 2, 11, 6, 23, 5, 13, 12, 27, 1, 10, 7, 22, 4, 16, 15, 34, 3, 18, 9, 38, 8, 20, 19, 42]
H_high: [48, 54, 49, 58, 60, 51, 50, 63, 62, 64, 78, 74, 53, 52, 59, 65, 67, 66, 70, 72, 68, 82, 84, 90, 86, 56, 94, 55, 57, 92, 61, 80, 88, 76, 69, 71, 73, 75, 77, 79, 81, 83, 85, 87, 89, 91, 93]

Medians: 48
H_low: [47, 46, 30, 37, 45, 25, 29, 32, 36, 40, 44, 14, 24, 26, 28, 17, 31, 33, 35, 21, 39, 41, 43, 2, 11, 6, 23, 5, 13, 12, 27, 1, 10, 7, 22, 4, 16, 15, 34, 3, 18, 9, 38, 8, 20, 19, 42]
H_high: [48, 54, 49, 58, 60, 51, 50, 63, 62, 64, 78, 74, 53, 52, 59, 65, 67, 66, 70, 72, 68, 82, 84, 90, 86, 56, 94, 55, 57, 92, 61, 80, 88, 76, 69, 71, 73, 75, 77, 79, 81, 83, 85, 87, 89, 91, 93, 95]

Medians: 48 49
H_low: [48, 46, 47, 37, 45, 30, 29, 32, 36, 40, 44, 25, 24, 26, 28, 17, 31, 33, 35, 21, 39, 41, 43, 14, 11, 6, 23, 5, 13, 12, 27, 1, 10, 7, 22, 4, 16, 15, 34, 3, 18, 9, 38, 8, 20, 19, 42, 2]
H_high: [49, 54, 50, 58, 60, 51, 52, 63, 62, 64, 78, 74, 53, 55, 59, 65, 67, 66, 70, 72, 68, 82, 84, 90, 86, 56, 94, 96, 57, 92, 61, 80, 88, 76, 69, 71, 73, 75, 77, 79, 81, 83, 85, 87, 89, 91, 93, 95]

Medians: 49
H_low: [48, 46, 47, 37, 45, 30, 29, 32, 36, 40, 44, 25, 24, 26, 28, 17, 31, 33, 35, 21, 39, 41, 43, 14, 11, 6, 23, 5, 13, 12, 27, 1, 10, 7, 22, 4, 16, 15, 34, 3, 18, 9, 38, 8, 20, 19, 42, 2]
H_high: [49, 54, 50, 58, 60, 51, 52, 63, 62, 64, 78, 74, 53, 55, 59, 65, 67, 66, 70, 72, 68, 82, 84, 90, 86, 56, 94, 96, 57, 92, 61, 80, 88, 76, 69, 71, 73, 75, 77, 79, 81, 83, 85, 87, 89, 91, 93, 95, 97]

Medians: 49 50
H_low: [49, 46, 48, 37, 45, 47, 29, 32, 36, 40, 44, 30, 24, 26, 28, 17, 31, 33, 35, 21, 39, 41, 43, 25, 11, 6, 23, 5, 13, 12, 27, 1, 10, 7, 22, 4, 16, 15, 34, 3, 18, 9, 38, 8, 20, 19, 42, 2, 14]
H_high: [50, 54, 51, 58, 60, 53, 52, 63, 62, 64, 78, 74, 56, 55, 59, 65, 67, 66, 70, 72, 68, 82, 84, 90, 86, 98, 94, 96, 57, 92, 61, 80, 88, 76, 69, 71, 73, 75, 77, 79, 81, 83, 85, 87, 89, 91, 93, 95, 97]

Medians: 50
H_low: [49, 46, 48, 37, 45, 47, 29, 32, 36, 40, 44, 30, 24, 26, 28, 17, 31, 33, 35, 21, 39, 41, 43, 25, 11, 6, 23, 5, 13, 12, 27, 1, 10, 7, 22, 4, 16, 15, 34, 3, 18, 9, 38, 8, 20, 19, 42, 2, 14]
H_high: [50, 54, 51, 58, 60, 53, 52, 63, 62, 64, 78, 74, 56, 55, 59, 65, 67, 66, 70, 72, 68, 82, 84, 90, 86, 98, 94, 96, 57, 92, 61, 80, 88, 76, 69, 71, 73, 75, 77, 79, 81, 83, 85, 87, 89, 91, 93, 95, 97, 99]

Medians: 50 51
H_low: [50, 46, 49, 37, 45, 48, 29, 32, 36, 40, 44, 47, 24, 26, 28, 17, 31, 33, 35, 21, 39, 41, 43, 25, 30, 6, 23, 5, 13, 12, 27, 1, 10, 7, 22, 4, 16, 15, 34, 3, 18, 9, 38, 8, 20, 19, 42, 2, 14, 11]
H_high: [51, 54, 52, 58, 60, 53, 55, 63, 62, 64, 78, 74, 56, 57, 59, 65, 67, 66, 70, 72, 68, 82, 84, 90, 86, 98, 94, 96, 100, 92, 61, 80, 88, 76, 69, 71, 73, 75, 77, 79, 81, 83, 85, 87, 89, 91, 93, 95, 97, 99]

