Medians: 80
H_low: []
H_high: [80]

Medians: 54 80
H_low: [54]
H_high: [80]

Medians: 59
H_low: [54]
H_high: [59, 80]

Medians: 54 59
H_low: [54, 53]
H_high: [59, 80]

Medians: 54
H_low: [54, 53, 11]
H_high: [59, 80]

Medians: 54 59
H_low: [54, 53, 11]
H_high: [59, 80, 81]

Medians: 54
H_low: [54, 53, 11, 48]
H_high: [59, 80, 81]

Medians: 54 59
H_low: [54, 53, 11, 48]
H_high: [59, 80, 81, 86]

Medians: 54
H_low: [54, 53, 11, 48, 23]
H_high: [59, 80, 81, 86]

Medians: 54 59
H_low: [54, 53, 11, 48, 23]
H_high: [59, 68, 81, 86, 80]

Medians: 59
H_low: [54, 53, 11, 48, 23]
H_high: [59, 68, 81, 86, 80, 99]

Medians: 54 59
H_low: [54, 53, 11, 48, 23, 10]
H_high: [59, 68, 81, 86, 80, 99]

Medians: 54
H_low: [54, 53, 44, 48, 23, 10, 11]
H_high: [59, 68, 81, 86, 80, 99]

Medians: 53 54
H_low: [53, 48, 44, 16, 23, 10, 11]
H_high: [54, 68, 59, 86, 80, 99, 81]

Medians: 54
H_low: [53, 48, 44, 16, 23, 10, 11]
H_high: [54, 68, 59, 86, 80, 99, 81, 89]

Medians: 53 54
H_low: [53, 48, 44, 40, 23, 10, 11, 16]
H_high: [54, 68, 59, 86, 80, 99, 81, 89]

Medians: 53
H_low: [53, 48, 44, 47, 23, 10, 11, 16, 40]
H_high: [54, 68, 59, 86, 80, 99, 81, 89]

Medians: 53 54
H_low: [53, 48, 44, 47, 23, 10, 11, 16, 40]
H_high: [54, 56, 59, 68, 80, 99, 81, 89, 86]

Medians: 53
H_low: [53, 48, 44, 47, 23, 10, 11, 16, 40, 8]
H_high: [54, 56, 59, 68, 80, 99, 81, 89, 86]

Medians: 48 53
H_low: [48, 47, 44, 40, 25, 10, 11, 16, 23, 8]
H_high: [53, 54, 59, 68, 56, 99, 81, 89, 86, 80]

Medians: 48
H_low: [48, 47, 44, 40, 33, 10, 11, 16, 23, 8, 25]
H_high: [53, 54, 59, 68, 56, 99, 81, 89, 86, 80]

Medians: 47 48
H_low: [47, 40, 44, 23, 33, 41, 11, 16, 10, 8, 25]
H_high: [48, 53, 59, 68, 54, 99, 81, 89, 86, 80, 56]

Medians: 47
H_low: [47, 40, 44, 23, 33, 41, 11, 16, 10, 8, 25, 1]
H_high: [48, 53, 59, 68, 54, 99, 81, 89, 86, 80, 56]

Medians: 44 47
H_low: [44, 40, 41, 23, 33, 4, 11, 16, 10, 8, 25, 1]
H_high: [47, 53, 48, 68, 54, 59, 81, 89, 86, 80, 56, 99]

Medians: 44
H_low: [44, 40, 41, 23, 33, 4, 11, 16, 10, 8, 25, 1, 2]
H_high: [47, 53, 48, 68, 54, 59, 81, 89, 86, 80, 56, 99]

Medians: 41 44
H_low: [41, 40, 27, 23, 33, 4, 11, 16, 10, 8, 25, 1, 2]
H_high: [44, 53, 47, 68, 54, 48, 81, 89, 86, 80, 56, 99, 59]

Medians: 41
H_low: [41, 40, 30, 23, 33, 4, 27, 16, 10, 8, 25, 1, 2, 11]
H_high: [44, 53, 47, 68, 54, 48, 81, 89, 86, 80, 56, 99, 59]

Medians: 41 44
H_low: [41, 40, 30, 23, 33, 4, 27, 16, 10, 8, 25, 1, 2, 11]
H_high: [44, 53, 47, 68, 54, 48, 50, 89, 86, 80, 56, 99, 59, 81]

Medians: 41
H_low: [41, 40, 30, 23, 33, 4, 28, 16, 10, 8, 25, 1, 2, 11, 27]
H_high: [44, 53, 47, 68, 54, 48, 50, 89, 86, 80, 56, 99, 59, 81]

Medians: 41 44
H_low: [41, 40, 30, 23, 33, 4, 28, 16, 10, 8, 25, 1, 2, 11, 27]
H_high: [44, 53, 47, 68, 54, 48, 50, 89, 86, 80, 56, 99, 59, 81, 91]

Medians: 44
H_low: [41, 40, 30, 23, 33, 4, 28, 16, 10, 8, 25, 1, 2, 11, 27]
H_high: [44, 53, 47, 68, 54, 48, 50, 89, 86, 80, 56, 99, 59, 81, 91, 97]

Medians: 41 44
H_low: [41, 40, 30, 38, 33, 4, 28, 23, 10, 8, 25, 1, 2, 11, 27, 16]
H_high: [44, 53, 47, 68, 54, 48, 50, 89, 86, 80, 56, 99, 59, 81, 91, 97]

Medians: 44
H_low: [41, 40, 30, 38, 33, 4, 28, 23, 10, 8, 25, 1, 2, 11, 27, 16]
H_high: [44, 53, 47, 68, 54, 48, 50, 89, 86, 80, 56, 99, 59, 81, 91, 97, 96]

Medians: 44 47
H_low: [44, 41, 30, 40, 33, 4, 28, 38, 10, 8, 25, 1, 2, 11, 27, 16, 23]
H_high: [47, 53, 48, 68, 54, 59, 50, 89, 86, 80, 56, 99, 94, 81, 91, 97, 96]

Medians: 44
H_low: [44, 41, 30, 40, 33, 4, 28, 38, 32, 8, 25, 1, 2, 11, 27, 16, 23, 10]
H_high: [47, 53, 48, 68, 54, 59, 50, 89, 86, 80, 56, 99, 94, 81, 91, 97, 96]

Medians: 44 47
H_low: [44, 41, 30, 40, 33, 4, 28, 38, 32, 8, 25, 1, 2, 11, 27, 16, 23, 10]
H_high: [47, 53, 48, 68, 54, 59, 50, 89, 77, 80, 56, 99, 94, 81, 91, 97, 96, 86]

Medians: 44
H_low: [44, 41, 30, 40, 33, 4, 28, 38, 32, 8, 25, 1, 2, 11, 27, 16, 23, 10, 29]
H_high: [47, 53, 48, 68, 54, 59, 50, 89, 77, 80, 56, 99, 94, 81, 91, 97, 96, 86]

Medians: 44 46
H_low: [44, 41, 30, 40, 33, 4, 28, 38, 32, 8, 25, 1, 2, 11, 27, 16, 23, 10, 29]
H_high: [46, 47, 48, 53, 54, 59, 50, 89, 68, 80, 56, 99, 94, 81, 91, 97, 96, 86, 77]

Medians: 46
H_low: [44, 41, 30, 40, 33, 4, 28, 38, 32, 8, 25, 1, 2, 11, 27, 16, 23, 10, 29]
H_high: [46, 47, 48, 53, 54, 59, 50, 89, 68, 67, 56, 99, 94, 81, 91, 97, 96, 86, 77, 80]

Medians: 44 46
H_low: [44, 41, 30, 40, 36, 4, 28, 38, 32, 33, 25, 1, 2, 11, 27, 16, 23, 10, 29, 8]
H_high: [46, 47, 48, 53, 54, 59, 50, 89, 68, 67, 56, 99, 94, 81, 91, 97, 96, 86, 77, 80]

Medians: 46
H_low: [44, 41, 30, 40, 36, 4, 28, 38, 32, 33, 25, 1, 2, 11, 27, 16, 23, 10, 29, 8]
H_high: [46, 47, 48, 53, 54, 59, 50, 89, 68, 67, 56, 99, 94, 81, 91, 97, 96, 86, 77, 80, 70]

Medians: 46 47
H_low: [46, 44, 30, 40, 41, 4, 28, 38, 32, 36, 25, 1, 2, 11, 27, 16, 23, 10, 29, 8, 33]
H_high: [47, 53, 48, 68, 54, 59, 50, 89, 77, 67, 56, 99, 94, 81, 91, 97, 96, 86, 93, 80, 70]

Medians: 46
H_low: [46, 44, 30, 40, 41, 4, 28, 38, 32, 36, 35, 1, 2, 11, 27, 16, 23, 10, 29, 8, 33, 25]
H_high: [47, 53, 48, 68, 54, 59, 50, 89, 77, 67, 56, 99, 94, 81, 91, 97, 96, 86, 93, 80, 70]

Medians: 44 46
H_low: [44, 41, 30, 40, 36, 4, 28, 38, 32, 33, 35, 1, 2, 11, 27, 16, 23, 10, 29, 8, 20, 25]
H_high: [46, 47, 48, 68, 53, 59, 50, 89, 77, 67, 54, 99, 94, 81, 91, 97, 96, 86, 93, 80, 70, 56]

Medians: 44
H_low: [44, 41, 30, 40, 36, 4, 28, 38, 32, 33, 35, 1, 2, 11, 27, 16, 23, 10, 29, 8, 20, 25, 15]
H_high: [46, 47, 48, 68, 53, 59, 50, 89, 77, 67, 54, 99, 94, 81, 91, 97, 96, 86, 93, 80, 70, 56]

Medians: 41 44
H_low: [41, 40, 30, 38, 36, 21, 28, 23, 32, 33, 35, 4, 2, 11, 27, 16, 1, 10, 29, 8, 20, 25, 15]
H_high: [44, 46, 48, 68, 47, 59, 50, 89, 77, 67, 53, 99, 94, 81, 91, 97, 96, 86, 93, 80, 70, 56, 54]

Medians: 41
H_low: [41, 40, 30, 38, 36, 21, 28, 23, 32, 33, 35, 12, 2, 11, 27, 16, 1, 10, 29, 8, 20, 25, 15, 4]
H_high: [44, 46, 48, 68, 47, 59, 50, 89, 77, 67, 53, 99, 94, 81, 91, 97, 96, 86, 93, 80, 70, 56, 54]

Medians: 41 44
H_low: [41, 40, 30, 38, 36, 21, 28, 23, 32, 33, 35, 12, 2, 11, 27, 16, 1, 10, 29, 8, 20, 25, 15, 4]
H_high: [44, 46, 48, 68, 47, 59, 50, 89, 77, 67, 53, 88, 94, 81, 91, 97, 96, 86, 93, 80, 70, 56, 54, 99]

Medians: 44
H_low: [41, 40, 30, 38, 36, 21, 28, 23, 32, 33, 35, 12, 2, 11, 27, 16, 1, 10, 29, 8, 20, 25, 15, 4]
H_high: [44, 46, 48, 68, 47, 59, 50, 89, 77, 67, 53, 62, 94, 81, 91, 97, 96, 86, 93, 80, 70, 56, 54, 99, 88]

Medians: 44 46
H_low: [44, 40, 41, 38, 36, 30, 28, 23, 32, 33, 35, 21, 2, 11, 27, 16, 1, 10, 29, 8, 20, 25, 15, 4, 12]
H_high: [46, 47, 48, 68, 53, 59, 50, 89, 77, 67, 54, 62, 94, 81, 91, 97, 96, 86, 93, 80, 70, 56, 98, 99, 88]

Medians: 44
H_low: [44, 40, 41, 38, 36, 34, 28, 23, 32, 33, 35, 21, 30, 11, 27, 16, 1, 10, 29, 8, 20, 25, 15, 4, 12, 2]
H_high: [46, 47, 48, 68, 53, 59, 50, 89, 77, 67, 54, 62, 94, 81, 91, 97, 96, 86, 93, 80, 70, 56, 98, 99, 88]

Medians: 44 46
H_low: [44, 40, 41, 38, 36, 34, 28, 23, 32, 33, 35, 21, 30, 11, 27, 16, 1, 10, 29, 8, 20, 25, 15, 4, 12, 2]
H_high: [46, 47, 48, 68, 53, 59, 50, 89, 77, 67, 54, 62, 72, 81, 91, 97, 96, 86, 93, 80, 70, 56, 98, 99, 88, 94]

Medians: 44
H_low: [44, 40, 41, 38, 36, 39, 28, 23, 32, 33, 35, 21, 34, 11, 27, 16, 1, 10, 29, 8, 20, 25, 15, 4, 12, 2, 30]
H_high: [46, 47, 48, 68, 53, 59, 50, 89, 77, 67, 54, 62, 72, 81, 91, 97, 96, 86, 93, 80, 70, 56, 98, 99, 88, 94]

Medians: 44 45
H_low: [44, 40, 41, 38, 36, 39, 28, 23, 32, 33, 35, 21, 34, 11, 27, 16, 1, 10, 29, 8, 20, 25, 15, 4, 12, 2, 30]
H_high: [45, 47, 46, 68, 53, 48, 50, 89, 77, 67, 54, 62, 59, 81, 91, 97, 96, 86, 93, 80, 70, 56, 98, 99, 88, 94, 72]

Medians: 45
H_low: [44, 40, 41, 38, 36, 39, 28, 23, 32, 33, 35, 21, 34, 11, 27, 16, 1, 10, 29, 8, 20, 25, 15, 4, 12, 2, 30]
H_high: [45, 47, 46, 68, 53, 48, 50, 89, 77, 67, 54, 62, 59, 63, 91, 97, 96, 86, 93, 80, 70, 56, 98, 99, 88, 94, 72, 81]

Medians: 45 46
H_low: [45, 40, 44, 38, 36, 39, 41, 23, 32, 33, 35, 21, 34, 28, 27, 16, 1, 10, 29, 8, 20, 25, 15, 4, 12, 2, 30, 11]
H_high: [46, 47, 48, 68, 53, 59, 50, 89, 77, 67, 54, 62, 72, 63, 91, 97, 96, 86, 93, 80, 70, 56, 98, 99, 88, 94, 82, 81]

Medians: 46
H_low: [45, 40, 44, 38, 36, 39, 41, 23, 32, 33, 35, 21, 34, 28, 27, 16, 1, 10, 29, 8, 20, 25, 15, 4, 12, 2, 30, 11]
H_high: [46, 47, 48, 68, 53, 59, 50, 89, 77, 67, 54, 62, 72, 63, 91, 97, 96, 86, 93, 80, 70, 56, 98, 99, 88, 94, 82, 81, 84]

Medians: 46 47
H_low: [46, 40, 45, 38, 36, 39, 44, 23, 32, 33, 35, 21, 34, 41, 27, 16, 1, 10, 29, 8, 20, 25, 15, 4, 12, 2, 30, 11, 28]
H_high: [47, 53, 48, 68, 54, 59, 50, 89, 77, 67, 56, 62, 72, 63, 52, 97, 96, 86, 93, 80, 70, 91, 98, 99, 88, 94, 82, 81, 84]

Medians: 47
H_low: [46, 40, 45, 38, 36, 39, 44, 23, 32, 33, 35, 21, 34, 41, 27, 16, 1, 10, 29, 8, 20, 25, 15, 4, 12, 2, 30, 11, 28]
H_high: [47, 53, 48, 68, 54, 59, 50, 89, 77, 67, 56, 62, 72, 63, 52, 97, 96, 86, 93, 80, 70, 91, 98, 99, 88, 94, 82, 81, 84, 57]

Medians: 47 48
H_low: [47, 40, 46, 38, 36, 39, 45, 23, 32, 33, 35, 21, 34, 41, 44, 16, 1, 10, 29, 8, 20, 25, 15, 4, 12, 2, 30, 11, 28, 27]
H_high: [48, 53, 50, 68, 54, 59, 52, 89, 77, 67, 56, 62, 72, 63, 57, 97, 96, 86, 93, 80, 70, 91, 98, 99, 88, 94, 82, 81, 84, 73]

Medians: 48
H_low: [47, 40, 46, 38, 36, 39, 45, 23, 32, 33, 35, 21, 34, 41, 44, 16, 1, 10, 29, 8, 20, 25, 15, 4, 12, 2, 30, 11, 28, 27]
H_high: [48, 53, 50, 68, 54, 59, 52, 89, 77, 67, 56, 62, 72, 63, 57, 97, 96, 86, 93, 80, 70, 91, 98, 99, 88, 94, 82, 81, 84, 73, 76]

Medians: 48 50
H_low: [48, 40, 47, 38, 36, 39, 46, 23, 32, 33, 35, 21, 34, 41, 45, 16, 1, 10, 29, 8, 20, 25, 15, 4, 12, 2, 30, 11, 28, 27, 44]
H_high: [50, 53, 52, 58, 54, 59, 57, 68, 77, 67, 56, 62, 72, 63, 73, 89, 96, 86, 93, 80, 70, 91, 98, 99, 88, 94, 82, 81, 84, 97, 76]

Medians: 48
H_low: [48, 40, 47, 38, 36, 39, 46, 23, 32, 33, 35, 21, 34, 41, 45, 16, 1, 10, 29, 8, 20, 25, 15, 4, 12, 2, 30, 11, 28, 27, 44, 3]
H_high: [50, 53, 52, 58, 54, 59, 57, 68, 77, 67, 56, 62, 72, 63, 73, 89, 96, 86, 93, 80, 70, 91, 98, 99, 88, 94, 82, 81, 84, 97, 76]

Medians: 47 48
H_low: [47, 43, 46, 40, 36, 39, 45, 38, 32, 33, 35, 21, 34, 41, 44, 23, 1, 10, 29, 8, 20, 25, 15, 4, 12, 2, 30, 11, 28, 27, 16, 3]
H_high: [48, 50, 52, 53, 54, 59, 57, 58, 77, 67, 56, 62, 72, 63, 73, 68, 96, 86, 93, 80, 70, 91, 98, 99, 88, 94, 82, 81, 84, 97, 76, 89]

Medians: 48
H_low: [47, 43, 46, 40, 36, 39, 45, 38, 32, 33, 35, 21, 34, 41, 44, 23, 1, 10, 29, 8, 20, 25, 15, 4, 12, 2, 30, 11, 28, 27, 16, 3]
H_high: [48, 50, 52, 53, 54, 59, 57, 58, 77, 67, 56, 62, 72, 63, 73, 61, 96, 86, 93, 80, 70, 91, 98, 99, 88, 94, 82, 81, 84, 97, 76, 89, 68]

Medians: 48 50
H_low: [48, 47, 46, 43, 36, 39, 45, 40, 32, 33, 35, 21, 34, 41, 44, 38, 1, 10, 29, 8, 20, 25, 15, 4, 12, 2, 30, 11, 28, 27, 16, 3, 23]
H_high: [50, 53, 52, 58, 54, 59, 57, 61, 77, 67, 56, 62, 72, 63, 73, 68, 87, 86, 93, 80, 70, 91, 98, 99, 88, 94, 82, 81, 84, 97, 76, 89, 96]

Medians: 48
H_low: [48, 47, 46, 43, 36, 39, 45, 40, 32, 33, 35, 21, 34, 41, 44, 38, 5, 10, 29, 8, 20, 25, 15, 4, 12, 2, 30, 11, 28, 27, 16, 3, 23, 1]
H_high: [50, 53, 52, 58, 54, 59, 57, 61, 77, 67, 56, 62, 72, 63, 73, 68, 87, 86, 93, 80, 70, 91, 98, 99, 88, 94, 82, 81, 84, 97, 76, 89, 96]

Medians: 47 48
H_low: [47, 43, 46, 40, 36, 39, 45, 38, 32, 33, 35, 21, 34, 41, 44, 23, 6, 10, 29, 8, 20, 25, 15, 4, 12, 2, 30, 11, 28, 27, 16, 3, 5, 1]
H_high: [48, 50, 52, 53, 54, 59, 57, 58, 77, 67, 56, 62, 72, 63, 73, 68, 61, 86, 93, 80, 70, 91, 98, 99, 88, 94, 82, 81, 84, 97, 76, 89, 96, 87]

Medians: 48
H_low: [47, 43, 46, 40, 36, 39, 45, 38, 32, 33, 35, 21, 34, 41, 44, 23, 6, 10, 29, 8, 20, 25, 15, 4, 12, 2, 30, 11, 28, 27, 16, 3, 5, 1]
H_high: [48, 50, 52, 53, 54, 59, 57, 58, 77, 67, 56, 62, 72, 63, 73, 68, 61, 86, 93, 80, 70, 91, 98, 99, 88, 94, 82, 81, 84, 97, 76, 89, 96, 87, 83]

Medians: 48 50
H_low: [48, 47, 46, 43, 36, 39, 45, 40, 32, 33, 35, 21, 34, 41, 44, 23, 38, 10, 29, 8, 20, 25, 15, 4, 12, 2, 30, 11, 28, 27, 16, 3, 5, 1, 6]
H_high: [50, 53, 52, 58, 54, 59, 57, 61, 77, 67, 56, 62, 72, 63, 73, 68, 83, 78, 93, 80, 70, 91, 98, 99, 88, 94, 82, 81, 84, 97, 76, 89, 96, 87, 86]

Medians: 48
H_low: [48, 47, 46, 43, 36, 39, 45, 40, 32, 33, 35, 21, 34, 41, 44, 23, 38, 19, 29, 8, 20, 25, 15, 4, 12, 2, 30, 11, 28, 27, 16, 3, 5, 1, 6, 10]
H_high: [50, 53, 52, 58, 54, 59, 57, 61, 77, 67, 56, 62, 72, 63, 73, 68, 83, 78, 93, 80, 70, 91, 98, 99, 88, 94, 82, 81, 84, 97, 76, 89, 96, 87, 86]

Medians: 48 50
H_low: [48, 47, 46, 43, 36, 39, 45, 40, 32, 33, 35, 21, 34, 41, 44, 23, 38, 19, 29, 8, 20, 25, 15, 4, 12, 2, 30, 11, 28, 27, 16, 3, 5, 1, 6, 10]
H_high: [50, 53, 52, 58, 54, 59, 57, 61, 77, 67, 56, 62, 72, 63, 73, 68, 83, 78, 93, 80, 70, 91, 98, 99, 88, 94, 82, 81, 84, 97, 76, 89, 96, 87, 86, 85]

Medians: 50
H_low: [48, 47, 46, 43, 36, 39, 45, 40, 32, 33, 35, 21, 34, 41, 44, 23, 38, 19, 29, 8, 20, 25, 15, 4, 12, 2, 30, 11, 28, 27, 16, 3, 5, 1, 6, 10]
H_high: [50, 53, 52, 58, 54, 59, 57, 61, 74, 67, 56, 62, 72, 63, 73, 68, 83, 77, 93, 80, 70, 91, 98, 99, 88, 94, 82, 81, 84, 97, 76, 89, 96, 87, 86, 85, 78]

Medians: 48 50
H_low: [48, 47, 46, 43, 36, 39, 45, 40, 42, 33, 35, 21, 34, 41, 44, 23, 38, 32, 29, 8, 20, 25, 15, 4, 12, 2, 30, 11, 28, 27, 16, 3, 5, 1, 6, 10, 19]
H_high: [50, 53, 52, 58, 54, 59, 57, 61, 74, 67, 56, 62, 72, 63, 73, 68, 83, 77, 93, 80, 70, 91, 98, 99, 88, 94, 82, 81, 84, 97, 76, 89, 96, 87, 86, 85, 78]

Medians: 50
H_low: [48, 47, 46, 43, 36, 39, 45, 40, 42, 33, 35, 21, 34, 41, 44, 23, 38, 32, 29, 8, 20, 25, 15, 4, 12, 2, 30, 11, 28, 27, 16, 3, 5, 1, 6, 10, 19]
H_high: [50, 53, 52, 58, 54, 59, 57, 61, 69, 67, 56, 62, 72, 63, 73, 68, 83, 77, 74, 80, 70, 91, 98, 99, 88, 94, 82, 81, 84, 97, 76, 89, 96, 87, 86, 85, 78, 93]

Medians: 50 52
H_low: [50, 48, 46, 47, 36, 39, 45, 40, 43, 33, 35, 21, 34, 41, 44, 23, 38, 32, 42, 8, 20, 25, 15, 4, 12, 2, 30, 11, 28, 27, 16, 3, 5, 1, 6, 10, 19, 29]
H_high: [52, 53, 57, 58, 54, 59, 63, 61, 69, 67, 56, 62, 72, 81, 73, 68, 83, 77, 74, 80, 70, 91, 98, 99, 88, 94, 82, 90, 84, 97, 76, 89, 96, 87, 86, 85, 78, 93]

Medians: 50
H_low: [50, 48, 46, 47, 36, 39, 45, 40, 43, 33, 35, 21, 34, 41, 44, 23, 38, 32, 42, 8, 20, 25, 15, 4, 12, 2, 30, 11, 28, 27, 16, 3, 5, 1, 6, 10, 19, 29, 18]
H_high: [52, 53, 57, 58, 54, 59, 63, 61, 69, 67, 56, 62, 72, 81, 73, 68, 83, 77, 74, 80, 70, 91, 98, 99, 88, 94, 82, 90, 84, 97, 76, 89, 96, 87, 86, 85, 78, 93]

Medians: 50 52
H_low: [50, 48, 46, 47, 36, 39, 45, 40, 43, 33, 35, 21, 34, 41, 44, 23, 38, 32, 42, 8, 20, 25, 15, 4, 12, 2, 30, 11, 28, 27, 16, 3, 5, 1, 6, 10, 19, 29, 18]
H_high: [52, 53, 57, 58, 54, 59, 63, 61, 69, 67, 56, 62, 72, 81, 73, 68, 83, 77, 74, 80, 70, 91, 98, 99, 88, 94, 82, 90, 84, 97, 76, 89, 96, 87, 86, 85, 78, 93, 95]

Medians: 52
H_low: [50, 48, 46, 47, 36, 39, 45, 40, 43, 33, 35, 21, 34, 41, 44, 23, 38, 32, 42, 8, 20, 25, 15, 4, 12, 2, 30, 11, 28, 27, 16, 3, 5, 1, 6, 10, 19, 29, 18]
H_high: [52, 53, 57, 58, 54, 59, 63, 61, 69, 64, 56, 62, 72, 81, 73, 68, 83, 77, 74, 67, 70, 91, 98, 99, 88, 94, 82, 90, 84, 97, 76, 89, 96, 87, 86, 85, 78, 93, 95, 80]

Medians: 52 53
H_low: [52, 50, 46, 47, 48, 39, 45, 40, 43, 36, 35, 21, 34, 41, 44, 23, 38, 32, 42, 33, 20, 25, 15, 4, 12, 2, 30, 11, 28, 27, 16, 3, 5, 1, 6, 10, 19, 29, 18, 8]
H_high: [53, 54, 57, 58, 56, 59, 63, 61, 69, 64, 71, 62, 72, 81, 73, 68, 83, 77, 74, 67, 70, 91, 98, 99, 88, 94, 82, 90, 84, 97, 76, 89, 96, 87, 86, 85, 78, 93, 95, 80]

Medians: 52
H_low: [52, 51, 46, 47, 50, 39, 45, 40, 43, 48, 35, 21, 34, 41, 44, 23, 38, 32, 42, 36, 20, 25, 15, 4, 12, 2, 30, 11, 28, 27, 16, 3, 5, 1, 6, 10, 19, 29, 18, 8, 33]
H_high: [53, 54, 57, 58, 56, 59, 63, 61, 69, 64, 71, 62, 72, 81, 73, 68, 83, 77, 74, 67, 70, 91, 98, 99, 88, 94, 82, 90, 84, 97, 76, 89, 96, 87, 86, 85, 78, 93, 95, 80]

Medians: 52 53
H_low: [52, 51, 46, 47, 50, 39, 45, 40, 43, 48, 35, 21, 34, 41, 44, 23, 38, 32, 42, 36, 20, 25, 15, 4, 12, 2, 30, 11, 28, 27, 16, 3, 5, 1, 6, 10, 19, 29, 18, 8, 33]
H_high: [53, 54, 57, 58, 56, 59, 63, 61, 69, 64, 71, 62, 72, 81, 73, 68, 83, 77, 74, 66, 70, 91, 98, 99, 88, 94, 82, 90, 84, 97, 76, 89, 96, 87, 86, 85, 78, 93, 95, 80, 67]

Medians: 53
H_low: [52, 51, 46, 47, 50, 39, 45, 40, 43, 48, 35, 21, 34, 41, 44, 23, 38, 32, 42, 36, 20, 25, 15, 4, 12, 2, 30, 11, 28, 27, 16, 3, 5, 1, 6, 10, 19, 29, 18, 8, 33]
H_high: [53, 54, 57, 58, 56, 59, 63, 61, 69, 60, 71, 62, 72, 81, 73, 68, 83, 77, 74, 66, 64, 91, 98, 99, 88, 94, 82, 90, 84, 97, 76, 89, 96, 87, 86, 85, 78, 93, 95, 80, 67, 70]

Medians: 52 53
H_low: [52, 51, 46, 47, 50, 39, 45, 40, 43, 48, 35, 21, 34, 41, 44, 23, 38, 32, 42, 36, 31, 25, 15, 4, 12, 2, 30, 11, 28, 27, 16, 3, 5, 1, 6, 10, 19, 29, 18, 8, 33, 20]
H_high: [53, 54, 57, 58, 56, 59, 63, 61, 69, 60, 71, 62, 72, 81, 73, 68, 83, 77, 74, 66, 64, 91, 98, 99, 88, 94, 82, 90, 84, 97, 76, 89, 96, 87, 86, 85, 78, 93, 95, 80, 67, 70]

Medians: 53
H_low: [52, 51, 46, 47, 50, 39, 45, 40, 43, 48, 35, 21, 34, 41, 44, 23, 38, 32, 42, 36, 31, 25, 15, 4, 12, 2, 30, 11, 28, 27, 16, 3, 5, 1, 6, 10, 19, 29, 18, 8, 33, 20]
H_high: [53, 54, 57, 58, 56, 59, 63, 61, 69, 60, 71, 62, 72, 81, 73, 68, 83, 77, 74, 66, 64, 91, 98, 99, 88, 94, 82, 90, 84, 97, 76, 89, 96, 87, 86, 85, 78, 93, 95, 80, 67, 70, 100]

Medians: 52 53
H_low: [52, 51, 46, 47, 50, 39, 45, 40, 43, 48, 35, 21, 34, 41, 44, 23, 38, 32, 42, 36, 31, 25, 15, 4, 12, 2, 30, 11, 28, 27, 16, 3, 5, 1, 6, 10, 19, 29, 18, 8, 33, 20, 22]
H_high: [53, 54, 57, 58, 56, 59, 63, 61, 69, 60, 71, 62, 72, 81, 73, 68, 83, 77, 74, 66, 64, 91, 98, 99, 88, 94, 82, 90, 84, 97, 76, 89, 96, 87, 86, 85, 78, 93, 95, 80, 67, 70, 100]

Medians: 52
H_low: [52, 51, 46, 47, 50, 39, 45, 40, 43, 48, 35, 21, 34, 41, 44, 23, 38, 32, 42, 36, 31, 25, 15, 4, 12, 2, 30, 11, 28, 27, 16, 3, 5, 1, 6, 10, 19, 29, 18, 8, 33, 20, 22, 9]
H_high: [53, 54, 57, 58, 56, 59, 63, 61, 69, 60, 71, 62, 72, 81, 73, 68, 83, 77, 74, 66, 64, 91, 98, 99, 88, 94, 82, 90, 84, 97, 76, 89, 96, 87, 86, 85, 78, 93, 95, 80, 67, 70, 100]

Medians: 52 53
H_low: [52, 51, 46, 47, 50, 39, 45, 40, 43, 48, 35, 21, 34, 41, 44, 23, 38, 32, 42, 36, 31, 25, 15, 4, 12, 2, 30, 11, 28, 27, 16, 3, 5, 1, 6, 10, 19, 29, 18, 8, 33, 20, 22, 9]
H_high: [53, 54, 57, 58, 56, 59, 63, 61, 69, 60, 65, 62, 72, 81, 73, 68, 83, 77, 74, 66, 64, 71, 98, 99, 88, 94, 82, 90, 84, 97, 76, 89, 96, 87, 86, 85, 78, 93, 95, 80, 67, 70, 100, 91]

Medians: 52
H_low: [52, 51, 46, 47, 50, 39, 45, 40, 43, 48, 49, 21, 34, 41, 44, 23, 38, 32, 42, 36, 31, 35, 15, 4, 12, 2, 30, 11, 28, 27, 16, 3, 5, 1, 6, 10, 19, 29, 18, 8, 33, 20, 22, 9, 25]
H_high: [53, 54, 57, 58, 56, 59, 63, 61, 69, 60, 65, 62, 72, 81, 73, 68, 83, 77, 74, 66, 64, 71, 98, 99, 88, 94, 82, 90, 84, 97, 76, 89, 96, 87, 86, 85, 78, 93, 95, 80, 67, 70, 100, 91]

Medians: 52 53
H_low: [52, 51, 46, 47, 50, 39, 45, 40, 43, 48, 49, 21, 34, 41, 44, 23, 38, 32, 42, 36, 31, 35, 15, 4, 12, 2, 30, 11, 28, 27, 16, 3, 5, 1, 6, 10, 19, 29, 18, 8, 33, 20, 22, 9, 25]
H_high: [53, 54, 57, 58, 56, 59, 63, 61, 69, 60, 65, 62, 72, 81, 73, 68, 83, 77, 74, 66, 64, 71, 98, 99, 88, 94, 82, 90, 84, 97, 76, 89, 96, 87, 86, 85, 78, 93, 95, 80, 67, 70, 100, 91, 92]

Medians: 52
H_low: [52, 51, 46, 47, 50, 39, 45, 40, 43, 48, 49, 21, 34, 41, 44, 23, 38, 32, 42, 36, 31, 35, 17, 4, 12, 2, 30, 11, 28, 27, 16, 3, 5, 1, 6, 10, 19, 29, 18, 8, 33, 20, 22, 9, 25, 15]
H_high: [53, 54, 57, 58, 56, 59, 63, 61, 69, 60, 65, 62, 72, 81, 73, 68, 83, 77, 74, 66, 64, 71, 98, 99, 88, 94, 82, 90, 84, 97, 76, 89, 96, 87, 86, 85, 78, 93, 95, 80, 67, 70, 100, 91, 92]

Medians: 51 52
H_low: [51, 50, 46, 47, 49, 39, 45, 40, 43, 48, 37, 21, 34, 41, 44, 23, 38, 32, 42, 36, 31, 35, 17, 4, 12, 2, 30, 11, 28, 27, 16, 3, 5, 1, 6, 10, 19, 29, 18, 8, 33, 20, 22, 9, 25, 15]
H_high: [52, 53, 57, 58, 54, 59, 63, 61, 69, 60, 56, 62, 72, 81, 73, 68, 83, 77, 74, 66, 64, 71, 65, 99, 88, 94, 82, 90, 84, 97, 76, 89, 96, 87, 86, 85, 78, 93, 95, 80, 67, 70, 100, 91, 92, 98]

Medians: 51
H_low: [51, 50, 46, 47, 49, 39, 45, 40, 43, 48, 37, 21, 34, 41, 44, 23, 38, 32, 42, 36, 31, 35, 26, 4, 12, 2, 30, 11, 28, 27, 16, 3, 5, 1, 6, 10, 19, 29, 18, 8, 33, 20, 22, 9, 25, 15, 17]
H_high: [52, 53, 57, 58, 54, 59, 63, 61, 69, 60, 56, 62, 72, 81, 73, 68, 83, 77, 74, 66, 64, 71, 65, 99, 88, 94, 82, 90, 84, 97, 76, 89, 96, 87, 86, 85, 78, 93, 95, 80, 67, 70, 100, 91, 92, 98]

Medians: 50 51
H_low: [50, 49, 46, 47, 48, 39, 45, 40, 43, 36, 37, 21, 34, 41, 44, 23, 38, 32, 42, 33, 31, 35, 26, 7, 12, 2, 30, 11, 28, 27, 16, 3, 5, 1, 6, 10, 19, 29, 18, 8, 4, 20, 22, 9, 25, 15, 17]
H_high: [51, 52, 57, 58, 53, 59, 63, 61, 69, 60, 54, 62, 72, 81, 73, 68, 83, 77, 74, 66, 64, 71, 56, 99, 88, 94, 82, 90, 84, 97, 76, 89, 96, 87, 86, 85, 78, 93, 95, 80, 67, 70, 100, 91, 92, 98, 65]

Medians: 51
H_low: [50, 49, 46, 47, 48, 39, 45, 40, 43, 36, 37, 21, 34, 41, 44, 23, 38, 32, 42, 33, 31, 35, 26, 7, 12, 2, 30, 11, 28, 27, 16, 3, 5, 1, 6, 10, 19, 29, 18, 8, 4, 20, 22, 9, 25, 15, 17]
H_high: [51, 52, 55, 58, 53, 57, 63, 61, 69, 60, 54, 59, 72, 81, 73, 68, 83, 77, 74, 66, 64, 71, 56, 62, 88, 94, 82, 90, 84, 97, 76, 89, 96, 87, 86, 85, 78, 93, 95, 80, 67, 70, 100, 91, 92, 98, 65, 99]

Medians: 51 52
H_low: [51, 49, 50, 47, 48, 46, 45, 40, 43, 36, 37, 39, 34, 41, 44, 23, 38, 32, 42, 33, 31, 35, 26, 21, 12, 2, 30, 11, 28, 27, 16, 3, 5, 1, 6, 10, 19, 29, 18, 8, 4, 20, 22, 9, 25, 15, 17, 7]
H_high: [52, 53, 55, 58, 54, 57, 63, 61, 69, 60, 56, 59, 72, 81, 73, 68, 83, 77, 74, 66, 64, 71, 65, 62, 88, 94, 82, 90, 84, 97, 76, 89, 96, 87, 86, 85, 78, 93, 95, 80, 67, 70, 100, 91, 92, 98, 75, 99]

Medians: 51
H_low: [51, 49, 50, 47, 48, 46, 45, 40, 43, 36, 37, 39, 34, 41, 44, 23, 38, 32, 42, 33, 31, 35, 26, 21, 12, 2, 30, 11, 28, 27, 16, 3, 5, 1, 6, 10, 19, 29, 18, 8, 4, 20, 22, 9, 25, 15, 17, 7, 13]
H_high: [52, 53, 55, 58, 54, 57, 63, 61, 69, 60, 56, 59, 72, 81, 73, 68, 83, 77, 74, 66, 64, 71, 65, 62, 88, 94, 82, 90, 84, 97, 76, 89, 96, 87, 86, 85, 78, 93, 95, 80, 67, 70, 100, 91, 92, 98, 75, 99]

Medians: 50 51
H_low: [50, 49, 46, 47, 48, 39, 45, 40, 43, 36, 37, 21, 34, 41, 44, 23, 38, 32, 42, 33, 31, 35, 26, 13, 14, 2, 30, 11, 28, 27, 16, 3, 5, 1, 6, 10, 19, 29, 18, 8, 4, 20, 22, 9, 25, 15, 17, 7, 12]
H_high: [51, 53, 52, 58, 54, 55, 63, 61, 69, 60, 56, 57, 72, 81, 73, 68, 83, 77, 74, 66, 64, 71, 65, 59, 88, 94, 82, 90, 84, 97, 76, 89, 96, 87, 86, 85, 78, 93, 95, 80, 67, 70, 100, 91, 92, 98, 75, 99, 62]

Medians: 50
H_low: [50, 49, 46, 47, 48, 39, 45, 40, 43, 36, 37, 24, 34, 41, 44, 23, 38, 32, 42, 33, 31, 35, 26, 13, 21, 2, 30, 11, 28, 27, 16, 3, 5, 1, 6, 10, 19, 29, 18, 8, 4, 20, 22, 9, 25, 15, 17, 7, 12, 14]
H_high: [51, 53, 52, 58, 54, 55, 63, 61, 69, 60, 56, 57, 72, 81, 73, 68, 83, 77, 74, 66, 64, 71, 65, 59, 88, 94, 82, 90, 84, 97, 76, 89, 96, 87, 86, 85, 78, 93, 95, 80, 67, 70, 100, 91, 92, 98, 75, 99, 62]

Medians: 50 51
H_low: [50, 49, 46, 47, 48, 39, 45, 40, 43, 36, 37, 24, 34, 41, 44, 23, 38, 32, 42, 33, 31, 35, 26, 13, 21, 2, 30, 11, 28, 27, 16, 3, 5, 1, 6, 10, 19, 29, 18, 8, 4, 20, 22, 9, 25, 15, 17, 7, 12, 14]
H_high: [51, 53, 52, 58, 54, 55, 63, 61, 69, 60, 56, 57, 72, 81, 73, 68, 83, 77, 74, 66, 64, 71, 65, 59, 79, 94, 82, 90, 84, 97, 76, 89, 96, 87, 86, 85, 78, 93, 95, 80, 67, 70, 100, 91, 92, 98, 75, 99, 62, 88]

