1000
570
531
857
608
466
326
952
960
981
641
37
476
100
417
714
780
63
495
175
839
707
838
598
991
890
870
786
644
400
588
305
700
121
253
55
711
101
493
628
432
477
740
236
344
980
828
759
915
882
395
109
605
953
161
177
652
718
736
458
794
418
295
199
781
677
540
502
83
772
39
697
933
485
313
937
661
889
19
340
751
854
164
793
817
659
223
802
686
135
929
556
137
879
581
862
131
145
592
202
13
647
874
717
261
213
803
671
808
435
218
837
582
954
564
785
454
158
967
393
721
589
5
112
481
530
865
646
272
334
616
31
156
148
514
273
534
412
986
941
982
14
852
50
74
940
16
966
705
126
371
165
258
10
624
296
428
746
764
228
684
84
325
396
744
79
585
577
642
827
329
422
989
830
246
797
499
457
812
12
645
33
119
263
51
730
692
387
465
44
572
317
996
298
506
747
706
756
275
850
963
623
70
269
379
737
96
475
440
378
155
507
58
648
670
987
415
542
859
448
719
342
76
799
867
832
541
920
678
904
679
666
942
6
176
207
693
445
528
990
769
618
685
36
745
538
584
82
806
880
663
782
836
860
539
34
220
53
147
341
522
399
818
968
194
843
62
386
97
474
405
469
881
690
116
72
421
248
553
676
699
32
851
569
884
234
337
414
517
916
955
532
249
702
924
864
280
973
380
308
327
2
687
901
129
319
579
833
103
899
562
407
762
725
185
492
949
455
961
972
787
927
488
773
444
172
875
354
230
348
858
994
370
752
264
180
754
749
94
330
320
297
976
243
716
580
361
453
442
139
25
433
222
335
133
776
363
620
635
783
844
871
251
203
270
815
724
988
69
566
568
906
637
829
537
102
611
662
926
117
596
60
332
286
902
500
911
437
893
639
614
18
622
591
171
239
821
7
998
742
471
315
842
43
438
824
146
672
260
626
547
173
240
978
359
198
106
78
804
573
241
52
609
451
268
548
93
604
789
221
487
578
219
406
398
811
995
974
186
681
529
784
513
311
625
307
189
656
822
936
402
98
75
486
946
766
549
554
501
701
508
461
450
152
153
464
390
382
805
142
798
853
497
85
338
845
192
722
38
292
210
613
182
856
521
259
599
545
516
631
855
419
561
372
441
290
675
765
377
912
943
381
125
383
651
826
281
322
691
17
316
89
163
962
279
947
443
657
436
603
130
358
216
235
914
81
20
160
287
196
215
790
310
452
104
289
823
183
283
3
347
27
956
42
888
597
885
658
352
511
665
760
306
127
951
840
674
755
151
887
345
64
190
788
919
688
518
503
774
232
715
141
301
593
214
800
256
523
128
427
689
1000
166
594
814
473
416
883
424
123
87
918
157
698
510
505
285
178
590
54
897
278
206
813
92
21
336
71
758
923
653
575
423
426
660
431
29
88
140
753
188
504
120
375
446
168
409
892
602
846
430
367
8
366
703
938
535
276
650
496
118
26
456
324
536
299
472
617
226
205
132
559
244
723
90
267
162
519
420
212
328
525
999
204
630
908
595
229
792
252
391
346
704
304
368
629
282
404
479
835
748
847
555
265
633
563
825
47
360
770
576
385
935
429
922
111
77
876
174
365
353
619
834
587
768
632
894
489
242
291
262
108
15
895
673
627
144
520
468
526
983
459
667
288
413
739
877
682
447
150
355
610
934
612
964
238
257
397
110
201
184
35
809
211
1
921
896
23
271
56
741
169
300
527
99
649
376
543
969
669
179
643
801
24
22
970
683
40
65
143
655
41
491
551
767
11
302
470
727
9
356
866
80
209
757
227
544
284
350
191
558
565
694
357
524
777
810
364
394
913
149
735
105
170
720
600
712
930
932
729
909
4
898
696
601
107
931
795
900
695
61
574
708
763
869
979
247
250
731
868
726
654
225
738
200
615
480
124
546
606
49
917
775
709
607
819
939
958
91
680
512
195
586
971
245
193
796
993
187
403
533
583
68
136
255
928
59
389
886
411
217
254
237
959
571
634
640
197
323
134
333
408
778
274
636
567
925
208
878
45
903
463
113
849
743
67
233
115
948
266
997
373
312
831
73
975
138
873
462
977
791
771
965
57
807
732
779
467
872
339
498
349
331
351
369
224
46
321
48
484
761
557
992
515
713
728
181
483
95
439
362
509
303
733
950
907
863
478
401
750
154
710
167
86
552
621
560
114
494
384
318
28
66
841
848
410
905
668
638
482
159
957
122
30
945
820
490
984
314
861
734
294
944
550
277
816
664
392
343
374
309
293
891
985
388
460
910
425
449
231
434