1000
500
501
499
502
498
503
497
504
496
505
495
506
494
507
493
508
492
509
491
510
490
511
489
512
488
513
487
514
486
515
485
516
484
517
483
518
482
519
481
520
480
521
479
522
478
523
477
524
476
525
475
526
474
527
473
528
472
529
471
530
470
531
469
532
468
533
467
534
466
535
465
536
464
537
463
538
462
539
461
540
460
541
459
542
458
543
457
544
456
545
455
546
454
547
453
548
452
549
451
550
450
551
449
552
448
553
447
554
446
555
445
556
444
557
443
558
442
559
441
560
440
561
439
562
438
563
437
564
436
565
435
566
434
567
433
568
432
569
431
570
430
571
429
572
428
573
427
574
426
575
425
576
424
577
423
578
422
579
421
580
420
581
419
582
418
583
417
584
416
585
415
586
414
587
413
588
412
589
411
590
410
591
409
592
408
593
407
594
406
595
405
596
404
597
403
598
402
599
401
600
400
601
399
602
398
603
397
604
396
605
395
606
394
607
393
608
392
609
391
610
390
611
389
612
388
613
387
614
386
615
385
616
384
617
383
618
382
619
381
620
380
621
379
622
378
623
377
624
376
625
375
626
374
627
373
628
372
629
371
630
370
631
369
632
368
633
367
634
366
635
365
636
364
637
363
638
362
639
361
640
360
641
359
642
358
643
357
644
356
645
355
646
354
647
353
648
352
649
351
650
350
651
349
652
348
653
347
654
346
655
345
656
344
657
343
658
342
659
341
660
340
661
339
662
338
663
337
664
336
665
335
666
334
667
333
668
332
669
331
670
330
671
329
672
328
673
327
674
326
675
325
676
324
677
323
678
322
679
321
680
320
681
319
682
318
683
317
684
316
685
315
686
314
687
313
688
312
689
311
690
310
691
309
692
308
693
307
694
306
695
305
696
304
697
303
698
302
699
301
700
300
701
299
702
298
703
297
704
296
705
295
706
294
707
293
708
292
709
291
710
290
711
289
712
288
713
287
714
286
715
285
716
284
717
283
718
282
719
281
720
280
721
279
722
278
723
277
724
276
725
275
726
274
727
273
728
272
729
271
730
270
731
269
732
268
733
267
734
266
735
265
736
264
737
263
738
262
739
261
740
260
741
259
742
258
743
257
744
256
745
255
746
254
747
253
748
252
749
251
750
250
751
249
752
248
753
247
754
246
755
245
756
244
757
243
758
242
759
241
760
240
761
239
762
238
763
237
764
236
765
235
766
234
767
233
768
232
769
231
770
230
771
229
772
228
773
227
774
226
775
225
776
224
777
223
778
222
779
221
780
220
781
219
782
218
783
217
784
216
785
215
786
214
787
213
788
212
789
211
790
210
791
209
792
208
793
207
794
206
795
205
796
204
797
203
798
202
799
201
800
200
801
199
802
198
803
197
804
196
805
195
806
194
807
193
808
192
809
191
810
190
811
189
812
188
813
187
814
186
815
185
816
184
817
183
818
182
819
181
820
180
821
179
822
178
823
177
824
176
825
175
826
174
827
173
828
172
829
171
830
170
831
169
832
168
833
167
834
166
835
165
836
164
837
163
838
162
839
161
840
160
841
159
842
158
843
157
844
156
845
155
846
154
847
153
848
152
849
151
850
150
851
149
852
148
853
147
854
146
855
145
856
144
857
143
858
142
859
141
860
140
861
139
862
138
863
137
864
136
865
135
866
134
867
133
868
132
869
131
870
130
871
129
872
128
873
127
874
126
875
125
876
124
877
123
878
122
879
121
880
120
881
119
882
118
883
117
884
116
885
115
886
114
887
113
888
112
889
111
890
110
891
109
892
108
893
107
894
106
895
105
896
104
897
103
898
102
899
101
900
100
901
99
902
98
903
97
904
96
905
95
906
94
907
93
908
92
909
91
910
90
911
89
912
88
913
87
914
86
915
85
916
84
917
83
918
82
919
81
920
80
921
79
922
78
923
77
924
76
925
75
926
74
927
73
928
72
929
71
930
70
931
69
932
68
933
67
934
66
935
65
936
64
937
63
938
62
939
61
940
60
941
59
942
58
943
57
944
56
945
55
946
54
947
53
948
52
949
51
950
50
951
49
952
48
953
47
954
46
955
45
956
44
957
43
958
42
959
41
960
40
961
39
962
38
963
37
964
36
965
35
966
34
967
33
968
32
969
31
970
30
971
29
972
28
973
27
974
26
975
25
976
24
977
23
978
22
979
21
980
20
981
19
982
18
983
17
984
16
985
15
986
14
987
13
988
12
989
11
990
10
991
9
992
8
993
7
994
6
995
5
996
4
997
3
998
2
999
1
1000