1000
777
971
426
189
322
955
126
201
927
105
740
636
30
259
614
503
297
40
141
788
51
902
592
374
131
151
974
32
383
522
451
834
89
396
576
652
729
754
622
806
953
282
323
347
256
84
831
947
907
999
509
102
2
454
166
366
906
819
808
810
391
851
413
450
543
222
516
61
815
792
466
146
511
331
982
647
937
389
913
88
155
223
769
856
91
279
164
879
20
417
582
738
410
922
679
320
828
231
697
22
797
5
612
547
122
456
369
717
404
479
596
501
933
1000
626
662
477
352
330
179
495
283
984
252
251
343
416
144
9
24
481
513
286
293
191
814
895
957
727
351
75
661
976
160
930
465
597
401
368
556
682
136
418
296
58
673
277
858
168
86
309
524
722
862
785
54
16
609
964
860
934
728
708
691
954
742
472
152
630
559
977
874
400
871
637
382
288
240
692
281
557
185
766
886
467
621
470
272
812
372
532
992
696
265
187
768
715
780
890
386
306
946
720
207
375
149
363
345
642
241
839
838
618
116
499
804
408
329
712
175
312
653
972
541
224
471
15
177
842
486
568
419
784
807
698
571
699
52
445
124
553
308
663
210
654
764
830
115
292
892
321
274
385
186
214
952
65
666
59
298
430
255
262
688
202
154
998
824
203
990
170
841
388
412
258
434
823
774
475
694
474
948
505
629
818
37
710
442
402
805
753
656
643
392
615
648
247
248
80
870
137
996
746
905
631
353
606
750
73
550
552
943
324
119
822
903
923
49
95
794
53
342
21
894
245
356
714
7
759
570
724
531
110
233
962
431
446
878
969
261
657
678
994
901
218
50
756
226
820
744
215
193
344
316
92
817
314
799
854
11
437
244
716
861
94
918
749
414
579
132
108
67
616
62
138
771
225
747
919
395
393
993
104
891
494
71
453
213
916
949
793
260
588
573
18
449
380
250
269
658
205
361
767
227
455
586
520
458
236
765
492
845
723
285
429
602
504
318
896
782
633
781
307
112
713
619
580
676
567
145
60
563
670
411
476
836
561
590
598
26
156
599
587
534
921
944
25
69
988
595
680
338
959
238
646
490
35
914
829
121
13
452
484
291
326
790
310
267
120
234
512
700
674
64
79
263
217
840
882
158
384
528
130
230
276
565
739
562
649
634
287
432
813
721
544
681
826
975
117
57
165
655
315
675
736
928
734
935
719
106
929
551
239
349
182
28
403
229
469
209
632
55
963
23
341
664
897
444
591
735
868
980
867
85
167
844
912
29
821
869
192
448
305
711
941
978
515
147
268
574
873
421
704
545
406
313
14
422
762
660
608
394
624
510
221
809
178
83
787
332
103
169
752
898
354
986
359
530
751
208
159
931
730
497
506
997
603
695
635
336
936
357
333
93
367
564
849
707
273
206
853
220
46
397
795
109
461
600
893
489
98
932
684
161
17
709
438
601
190
639
589
776
125
527
243
748
163
620
319
31
302
968
485
701
702
197
304
488
459
74
743
211
415
523
644
134
423
496
176
148
872
128
825
779
514
142
987
150
90
628
801
583
640
594
275
983
677
991
228
278
41
19
529
33
855
447
537
173
705
373
301
578
770
348
965
832
811
847
864
733
284
462
533
457
651
378
200
47
685
387
885
979
773
82
181
478
377
939
837
398
264
865
358
798
350
42
427
956
355
816
857
45
908
726
686
39
539
196
569
875
56
249
526
888
911
518
87
846
775
593
703
909
741
376
242
672
194
123
887
791
183
483
566
72
66
732
425
253
755
772
232
399
625
101
199
607
549
881
889
139
758
153
995
254
27
235
617
641
783
521
880
157
424
536
967
433
3
718
904
876
100
671
802
584
731
611
613
950
973
34
68
958
78
257
938
605
111
246
951
508
910
289
463
299
328
690
917
428
107
850
339
172
180
300
960
926
171
645
184
219
575
970
877
833
70
63
498
961
535
212
381
789
4
436
346
555
8
900
945
669
441
38
370
96
757
317
796
133
198
558
668
44
924
487
409
405
12
204
763
940
689
327
883
360
546
76
1
502
420
290
118
216
665
162
737
325
270
6
538
464
480
843
195
800
572
627
468
761
827
835
786
859
294
127
507
925
863
460
519
920
725
884
548
604
334
687
473
525
81
610
985
340
113
188
554
760
435
99
491
577
129
335
915
581
981
638
43
280
362
659
683
542
942
379
848
337
989
706
303
135
364
10
36
266
667
585
493
97
365
693
311
899
745
174
623
778
440
140
482
371
500
650
443
407
77
295
143
540
966
852
866
439
517
560
114
390
237
803
48
271