1000 5
1 1 2 5 4 3
2 3 5 2 1 4
3 2 5 3 1 4
4 1 2 3 4 5
5 2 5 3 4 1
6 4 1 2 5 3
7 2 5 1 3 4
8 5 2 3 1 4
9 5 4 1 2 3
10 4 2 5 3 1
11 1 2 5 3 4
12 4 1 3 2 5
13 2 4 5 1 3
14 5 3 1 2 4
15 1 4 5 3 2
16 3 1 4 2 5
17 1 3 2 5 4
18 5 4 2 1 3
19 2 5 3 4 1
20 3 5 2 4 1
21 1 3 4 5 2
22 4 2 3 5 1
23 5 3 1 2 4
24 1 5 3 4 2
25 4 3 2 1 5
26 5 2 3 1 4
27 2 4 1 3 5
28 4 5 2 3 1
29 3 1 2 4 5
30 2 3 1 5 4
31 3 4 2 5 1
32 3 4 5 1 2
33 1 2 4 3 5
34 3 1 4 2 5
35 2 5 4 3 1
36 4 5 2 1 3
37 2 4 5 3 1
38 3 5 2 4 1
39 5 1 3 2 4
40 4 5 1 3 2
41 4 5 1 2 3
42 5 2 4 1 3
43 2 5 1 4 3
44 2 5 3 4 1
45 4 3 5 2 1
46 4 2 3 1 5
47 4 1 5 2 3
48 1 5 2 4 3
49 1 2 4 3 5
50 2 3 1 4 5
51 2 1 5 3 4
52 1 5 2 3 4
53 1 2 4 5 3
54 5 4 2 1 3
55 4 3 2 5 1
56 2 4 3 5 1
57 2 4 1 3 5
58 5 1 4 2 3
59 1 4 3 5 2
60 4 1 3 5 2
61 1 3 5 2 4
62 1 4 2 5 3
63 4 5 3 2 1
64 5 3 1 4 2
65 1 3 4 5 2
66 1 3 4 2 5
67 3 4 1 2 5
68 4 5 3 2 1
69 5 2 3 1 4
70 3 5 1 4 2
71 1 2 4 3 5
72 1 4 5 2 3
73 1 5 2 4 3
74 4 2 3 1 5
75 4 2 3 1 5
76 3 5 2 4 1
77 3 2 1 4 5
78 4 3 2 1 5
79 1 4 2 3 5
80 2 3 1 4 5
81 3 5 1 4 2
82 2 5 3 4 1
83 4 1 5 2 3
84 5 2 4 3 1
85 4 1 5 3 2
86 2 5 4 1 3
87 3 4 2 1 5
88 2 1 5 4 3
89 3 5 1 2 4
90 5 1 3 4 2
91 4 5 3 2 1
92 3 4 1 2 5
93 1 5 2 4 3
94 2 1 3 4 5
95 2 4 5 1 3
96 1 3 4 2 5
97 4 5 1 3 2
98 4 5 2 3 1
99 4 2 5 1 3
100 5 3 2 1 4
101 4 3 5 2 1
102 4 5 3 1 2
103 1 4 5 2 3
104 3 2 4 5 1
105 3 5 2 4 1
106 1 4 2 3 5
107 4 2 5 1 3
108 3 5 1 2 4
109 1 4 3 5 2
110 3 5 1 2 4
111 4 1 2 5 3
112 4 3 5 1 2
113 2 5 3 1 4
114 4 2 3 1 5
115 1 2 4 5 3
116 4 1 3 2 5
117 5 4 2 1 3
118 1 4 3 5 2
119 4 5 2 3 1
120 2 4 3 5 1
121 2 4 5 3 1
122 4 5 1 2 3
123 2 3 5 1 4
124 4 2 1 3 5
125 5 4 1 2 3
126 1 5 3 4 2
127 5 3 4 2 1
128 3 5 4 2 1
129 4 5 3 2 1
130 1 5 4 3 2
131 2 5 1 4 3
132 3 2 5 1 4
133 1 4 3 2 5
134 5 2 1 3 4
135 4 2 1 3 5
136 5 3 1 4 2
137 5 3 1 4 2
138 3 1 5 2 4
139 5 2 3 4 1
140 2 5 1 3 4
141 3 2 5 4 1
142 4 3 1 5 2
143 4 2 5 1 3
144 3 1 5 4 2
145 2 3 5 4 1
146 2 3 4 1 5
147 2 1 3 5 4
148 4 5 1 2 3
149 1 5 2 4 3
150 2 5 3 1 4
151 5 2 1 4 3
152 5 3 2 4 1
153 5 3 2 4 1
154 2 5 3 1 4
155 4 1 5 2 3
156 3 5 2 1 4
157 4 3 2 5 1
158 1 4 2 3 5
159 5 2 4 1 3
160 3 2 5 1 4
161 3 1 4 2 5
162 4 5 1 3 2
163 2 4 3 1 5
164 1 4 2 3 5
165 1 3 5 2 4
166 4 2 5 1 3
167 1 5 4 3 2
168 3 4 2 1 5
169 3 4 1 5 2
170 2 1 3 5 4
171 1 2 5 4 3
172 1 2 4 5 3
173 5 3 1 2 4
174 1 4 5 2 3
175 1 4 5 3 2
176 3 1 4 5 2
177 2 3 1 5 4
178 1 2 5 3 4
179 5 3 1 2 4
180 1 3 5 4 2
181 2 4 5 1 3
182 5 2 3 4 1
183 5 3 4 2 1
184 3 5 2 1 4
185 5 2 3 1 4
186 5 3 1 4 2
187 3 4 2 1 5
188 5 4 3 1 2
189 2 3 4 5 1
190 1 3 5 4 2
191 4 2 5 1 3
192 3 2 1 5 4
193 5 1 3 4 2
194 4 5 1 2 3
195 1 4 3 5 2
196 4 2 3 1 5
197 1 5 2 4 3
198 3 5 2 4 1
199 1 5 3 4 2
200 5 2 3 4 1
201 1 3 4 2 5
202 4 2 3 5 1
203 1 5 2 3 4
204 3 1 5 4 2
205 1 5 2 3 4
206 5 3 4 2 1
207 1 5 2 3 4
208 1 4 3 2 5
209 5 1 3 4 2
210 3 2 4 5 1
211 5 2 3 4 1
212 4 3 5 1 2
213 3 1 5 4 2
214 3 2 4 1 5
215 4 1 2 3 5
216 4 1 2 5 3
217 3 2 5 4 1
218 1 2 4 5 3
219 1 4 3 2 5
220 1 4 3 5 2
221 3 5 1 2 4
222 5 4 2 3 1
223 4 5 3 1 2
224 3 2 1 5 4
225 1 5 4 2 3
226 5 1 2 4 3
227 4 3 5 2 1
228 4 3 5 1 2
229 1 2 4 3 5
230 3 1 2 4 5
231 2 3 1 4 5
232 5 1 2 3 4
233 1 4 3 5 2
234 5 1 2 4 3
235 2 3 5 4 1
236 5 4 3 2 1
237 1 2 4 3 5
238 4 2 1 3 5
239 2 5 4 3 1
240 4 3 5 2 1
241 4 1 3 5 2
242 3 4 1 2 5
243 4 5 3 2 1
244 3 1 4 5 2
245 1 5 4 3 2
246 3 2 1 4 5
247 5 4 1 2 3
248 1 3 2 5 4
249 1 4 2 3 5
250 2 5 1 3 4
251 3 4 1 5 2
252 3 5 4 1 2
253 2 4 5 1 3
254 3 5 1 2 4
255 1 5 4 2 3
256 5 3 2 1 4
257 1 5 3 4 2
258 3 4 2 1 5
259 1 2 3 5 4
260 2 4 1 3 5
261 2 5 4 3 1
262 5 1 3 4 2
263 2 1 5 4 3
264 4 3 5 2 1
265 3 5 1 4 2
266 2 1 5 4 3
267 2 5 4 3 1
268 5 1 2 4 3
269 2 5 3 1 4
270 3 1 2 4 5
271 3 1 5 2 4
272 4 3 5 2 1
273 4 2 3 1 5
274 2 3 1 4 5
275 2 5 3 1 4
276 2 1 5 4 3
277 3 1 4 5 2
278 2 4 5 1 3
279 5 2 1 4 3
280 3 5 2 1 4
281 3 2 5 1 4
282 4 1 2 3 5
283 2 3 5 1 4
284 1 4 3 5 2
285 4 5 1 3 2
286 3 5 4 1 2
287 5 3 2 1 4
288 4 1 5 3 2
289 1 5 3 2 4
290 3 1 5 4 2
291 4 5 2 1 3
292 4 5 2 1 3
293 2 4 1 3 5
294 3 1 2 4 5
295 4 2 1 3 5
296 2 3 5 1 4
297 4 3 1 2 5
298 2 4 3 5 1
299 3 2 4 1 5
300 2 1 4 5 3
301 4 3 2 1 5
302 4 1 3 5 2
303 4 3 5 2 1
304 4 1 5 2 3
305 1 5 3 4 2
306 4 5 3 1 2
307 2 1 4 5 3
308 3 4 2 5 1
309 3 2 5 4 1
310 5 2 3 4 1
311 2 5 4 1 3
312 2 5 3 1 4
313 2 1 5 4 3
314 2 4 5 1 3
315 5 2 4 3 1
316 4 3 2 5 1
317 4 3 2 5 1
318 2 4 1 3 5
319 4 2 1 5 3
320 2 3 5 4 1
321 4 3 2 1 5
322 1 3 4 5 2
323 5 3 2 1 4
324 5 3 2 4 1
325 2 5 4 3 1
326 5 2 4 3 1
327 4 1 2 3 5
328 5 1 4 3 2
329 2 3 1 4 5
330 2 1 3 5 4
331 2 5 3 1 4
332 5 3 1 2 4
333 2 1 5 3 4
334 5 2 4 1 3
335 5 4 1 2 3
336 5 1 3 4 2
337 4 5 3 1 2
338 3 1 4 2 5
339 3 4 5 1 2
340 4 1 2 5 3
341 3 1 4 2 5
342 5 1 4 2 3
343 4 1 3 2 5
344 5 3 1 4 2
345 5 1 2 3 4
346 5 3 4 2 1
347 3 2 4 1 5
348 3 5 4 2 1
349 3 5 1 2 4
350 1 4 5 2 3
351 3 1 2 5 4
352 1 4 5 3 2
353 3 4 2 1 5
354 5 1 3 2 4
355 3 4 1 2 5
356 1 2 4 5 3
357 3 5 2 4 1
358 5 2 3 4 1
359 5 4 1 3 2
360 4 5 2 3 1
361 2 5 3 1 4
362 3 5 4 1 2
363 3 2 5 1 4
364 3 4 1 2 5
365 1 5 2 3 4
366 3 2 1 5 4
367 1 3 4 5 2
368 4 3 2 1 5
369 3 4 5 2 1
370 5 1 3 2 4
371 2 3 4 1 5
372 3 4 1 5 2
373 5 4 1 3 2
374 4 1 2 3 5
375 1 2 3 5 4
376 3 4 5 2 1
377 4 5 3 1 2
378 2 5 4 1 3
379 4 3 1 5 2
380 2 3 4 5 1
381 5 4 1 2 3
382 2 4 3 5 1
383 4 1 5 2 3
384 4 5 1 3 2
385 2 1 5 4 3
386 2 1 4 5 3
387 1 4 2 5 3
388 4 2 3 5 1
389 2 4 1 5 3
390 1 4 3 2 5
391 5 4 2 3 1
392 4 3 5 1 2
393 5 3 2 1 4
394 3 5 4 1 2
395 5 1 2 3 4
396 1 5 3 2 4
397 5 3 1 4 2
398 3 4 2 5 1
399 4 3 5 2 1
400 3 1 2 4 5
401 5 3 4 2 1
402 4 2 3 5 1
403 1 3 4 2 5
404 4 3 1 5 2
405 1 4 5 2 3
406 1 5 3 4 2
407 2 5 3 4 1
408 2 3 1 5 4
409 2 3 5 4 1
410 2 3 4 5 1
411 3 1 2 4 5
412 1 4 2 3 5
413 4 3 2 5 1
414 3 5 2 4 1
415 2 3 1 4 5
416 5 4 3 1 2
417 5 4 2 1 3
418 2 3 5 4 1
419 4 5 2 1 3
420 2 3 1 4 5
421 1 3 5 2 4
422 1 5 4 3 2
423 1 4 5 2 3
424 4 3 5 1 2
425 5 3 1 4 2
426 4 1 5 3 2
427 4 5 2 1 3
428 4 2 1 3 5
429 3 1 5 4 2
430 4 1 3 5 2
431 4 1 2 3 5
432 5 1 2 3 4
433 4 1 3 2 5
434 2 4 1 5 3
435 1 4 2 5 3
436 5 1 2 4 3
437 1 4 5 3 2
438 1 4 5 3 2
439 2 5 1 4 3
440 5 4 2 3 1
441 4 1 3 5 2
442 1 4 5 2 3
443 5 4 2 1 3
444 2 5 4 3 1
445 5 4 3 2 1
446 4 1 3 2 5
447 2 5 1 4 3
448 2 1 5 4 3
449 2 1 5 3 4
450 4 2 3 1 5
451 1 4 3 5 2
452 1 5 4 3 2
453 4 2 1 3 5
454 4 3 1 2 5
455 2 3 1 4 5
456 3 1 2 4 5
457 2 4 1 3 5
458 4 1 3 5 2
459 3 1 5 2 4
460 4 2 3 1 5
461 5 3 2 4 1
462 3 1 5 2 4
463 1 2 3 5 4
464 2 1 4 3 5
465 4 2 3 1 5
466 5 4 3 2 1
467 2 1 3 4 5
468 4 3 1 2 5
469 1 3 2 4 5
470 5 4 2 1 3
471 5 3 4 2 1
472 4 1 3 2 5
473 5 3 1 4 2
474 1 5 4 2 3
475 2 3 4 5 1
476 2 3 4 1 5
477 3 2 1 4 5
478 1 3 5 4 2
479 3 2 1 4 5
480 1 3 4 5 2
481 4 2 1 3 5
482 4 2 5 3 1
483 3 4 2 1 5
484 5 2 1 3 4
485 3 2 1 4 5
486 3 4 5 2 1
487 1 2 3 4 5
488 4 2 5 3 1
489 1 2 3 5 4
490 2 4 3 1 5
491 1 4 5 2 3
492 5 3 2 1 4
493 2 3 5 1 4
494 5 3 1 4 2
495 2 4 1 3 5
496 3 5 1 4 2
497 2 3 4 5 1
498 3 4 1 5 2
499 5 1 2 4 3
500 5 4 3 2 1
501 3 2 4 5 1
502 5 3 1 2 4
503 2 1 5 3 4
504 1 5 4 2 3
505 3 4 5 2 1
506 5 1 3 2 4
507 1 2 4 5 3
508 2 3 1 5 4
509 4 2 5 3 1
510 5 4 1 3 2
511 4 5 3 1 2
512 4 2 3 1 5
513 4 1 3 5 2
514 4 2 1 3 5
515 1 5 3 4 2
516 3 1 5 2 4
517 2 1 3 4 5
518 2 5 3 4 1
519 2 4 3 5 1
520 4 2 1 3 5
521 3 1 2 5 4
522 5 1 4 3 2
523 5 3 1 4 2
524 1 5 2 4 3
525 5 2 4 3 1
526 2 3 5 1 4
527 2 1 3 4 5
528 5 2 4 3 1
529 5 2 1 3 4
530 4 5 3 1 2
531 1 4 3 5 2
532 1 2 3 4 5
533 5 3 4 2 1
534 5 2 1 4 3
535 4 2 1 3 5
536 4 5 3 2 1
537 1 2 5 4 3
538 2 3 1 5 4
539 2 3 5 4 1
540 2 1 5 3 4
541 5 4 3 1 2
542 3 1 5 2 4
543 2 1 5 3 4
544 1 3 5 4 2
545 4 1 5 3 2
546 5 3 1 2 4
547 3 5 4 2 1
548 1 4 5 2 3
549 5 1 4 2 3
550 4 1 3 2 5
551 4 2 5 3 1
552 1 2 4 5 3
553 3 1 4 5 2
554 2 5 1 4 3
555 1 5 3 2 4
556 1 4 5 3 2
557 3 4 5 2 1
558 5 3 2 1 4
559 2 5 1 4 3
560 1 3 4 2 5
561 4 3 5 1 2
562 4 5 3 1 2
563 3 5 1 2 4
564 5 2 4 1 3
565 5 4 1 2 3
566 3 1 2 5 4
567 2 3 1 4 5
568 3 2 5 4 1
569 3 5 2 4 1
570 5 4 3 2 1
571 2 4 5 1 3
572 1 3 5 4 2
573 4 2 1 5 3
574 4 1 3 5 2
575 3 1 2 5 4
576 4 3 5 1 2
577 2 1 5 4 3
578 5 1 4 2 3
579 4 2 3 5 1
580 2 1 5 3 4
581 3 2 5 1 4
582 4 2 3 5 1
583 1 2 4 5 3
584 5 1 3 2 4
585 3 1 2 5 4
586 4 5 1 2 3
587 3 1 2 4 5
588 4 5 1 3 2
589 5 3 1 2 4
590 5 3 1 4 2
591 3 1 2 4 5
592 2 1 3 4 5
593 2 5 1 4 3
594 5 2 1 3 4
595 3 2 4 5 1
596 1 5 3 2 4
597 2 1 4 3 5
598 3 2 4 1 5
599 4 3 1 2 5
600 2 3 5 4 1
601 2 5 3 4 1
602 4 2 5 1 3
603 5 2 1 4 3
604 1 2 5 4 3
605 4 5 3 2 1
606 5 1 4 3 2
607 5 3 4 2 1
608 4 5 3 2 1
609 4 3 5 1 2
610 5 2 4 1 3
611 3 1 4 2 5
612 2 1 4 5 3
613 5 3 4 1 2
614 3 1 5 2 4
615 2 3 4 1 5
616 1 3 2 4 5
617 4 2 3 5 1
618 5 1 4 3 2
619 2 1 5 4 3
620 1 2 3 5 4
621 5 2 4 3 1
622 4 5 3 1 2
623 2 1 3 4 5
624 5 1 4 2 3
625 3 5 1 2 4
626 2 4 1 5 3
627 4 1 5 3 2
628 3 5 2 1 4
629 1 3 2 4 5
630 1 5 4 3 2
631 3 5 1 2 4
632 5 4 2 3 1
633 3 1 4 2 5
634 4 1 3 2 5
635 1 4 2 3 5
636 1 3 2 4 5
637 1 5 3 4 2
638 3 1 2 5 4
639 2 1 4 3 5
640 5 4 2 3 1
641 5 4 1 3 2
642 1 4 5 2 3
643 1 3 2 4 5
644 3 1 2 4 5
645 2 4 1 5 3
646 4 5 2 3 1
647 1 5 2 4 3
648 2 4 5 3 1
649 4 3 2 1 5
650 4 5 3 1 2
651 5 1 3 4 2
652 5 3 1 4 2
653 3 1 2 5 4
654 5 3 1 2 4
655 3 2 1 4 5
656 3 4 1 2 5
657 3 2 1 4 5
658 3 5 1 4 2
659 2 4 3 1 5
660 1 4 2 3 5
661 1 5 2 4 3
662 2 4 3 1 5
663 5 3 1 2 4
664 3 1 2 4 5
665 3 5 1 2 4
666 5 4 1 3 2
667 2 4 1 5 3
668 3 2 5 1 4
669 5 4 3 1 2
670 4 2 5 3 1
671 3 4 1 5 2
672 3 2 5 4 1
673 2 3 4 5 1
674 4 5 3 1 2
675 1 5 4 3 2
676 2 5 3 4 1
677 1 5 3 4 2
678 5 1 3 4 2
679 1 3 4 5 2
680 5 1 3 4 2
681 4 3 1 2 5
682 4 3 5 2 1
683 1 2 4 3 5
684 1 4 3 5 2
685 3 4 2 1 5
686 3 2 4 5 1
687 3 1 2 5 4
688 2 4 1 5 3
689 2 5 3 1 4
690 1 3 2 5 4
691 3 1 4 5 2
692 3 4 2 1 5
693 4 5 2 3 1
694 2 3 1 4 5
695 5 3 4 2 1
696 2 4 1 3 5
697 2 3 1 4 5
698 3 1 4 5 2
699 2 5 1 4 3
700 4 3 1 2 5
701 2 1 5 3 4
702 4 3 1 5 2
703 1 2 3 4 5
704 5 3 2 1 4
705 2 5 1 4 3
706 5 2 1 4 3
707 4 5 1 2 3
708 5 3 2 4 1
709 5 2 3 4 1
710 3 2 1 5 4
711 4 1 5 2 3
712 1 2 3 5 4
713 4 3 5 2 1
714 3 5 4 1 2
715 4 5 1 2 3
716 1 3 2 4 5
717 3 2 1 5 4
718 5 2 3 4 1
719 3 2 4 5 1
720 3 5 1 4 2
721 2 4 1 3 5
722 2 5 3 4 1
723 5 4 2 1 3
724 4 3 5 1 2
725 3 4 1 2 5
726 3 2 4 1 5
727 1 2 5 3 4
728 3 2 5 1 4
729 4 2 5 3 1
730 3 4 5 1 2
731 5 1 3 4 2
732 4 2 5 1 3
733 2 3 4 5 1
734 3 1 5 2 4
735 5 3 2 4 1
736 4 5 2 1 3
737 2 4 5 3 1
738 1 4 2 3 5
739 5 4 3 2 1
740 4 1 5 3 2
741 5 4 3 2 1
742 5 1 4 2 3
743 2 3 5 1 4
744 3 1 4 2 5
745 5 3 2 1 4
746 2 4 3 5 1
747 5 2 3 1 4
748 1 5 4 3 2
749 3 1 5 2 4
750 3 2 1 4 5
751 3 1 2 4 5
752 2 3 1 4 5
753 1 3 5 4 2
754 1 5 3 2 4
755 4 5 3 2 1
756 1 3 4 5 2
757 4 1 5 2 3
758 3 5 2 4 1
759 5 4 1 3 2
760 2 3 5 4 1
761 2 3 5 1 4
762 3 5 1 4 2
763 1 4 2 3 5
764 4 2 1 3 5
765 5 1 4 2 3
766 3 1 4 5 2
767 4 2 1 3 5
768 5 4 1 3 2
769 4 3 5 1 2
770 1 4 3 2 5
771 3 1 4 5 2
772 4 2 3 5 1
773 4 1 2 5 3
774 2 3 4 5 1
775 4 1 5 2 3
776 3 2 1 5 4
777 3 5 1 2 4
778 4 2 3 5 1
779 3 5 4 2 1
780 3 1 4 5 2
781 1 5 2 3 4
782 3 2 4 5 1
783 4 2 5 1 3
784 2 4 5 3 1
785 2 4 1 5 3
786 1 3 5 4 2
787 4 5 3 1 2
788 3 1 4 5 2
789 1 2 3 5 4
790 4 1 5 3 2
791 4 3 5 2 1
792 3 1 4 2 5
793 4 3 5 2 1
794 3 1 5 2 4
795 4 3 1 2 5
796 2 5 1 3 4
797 5 4 1 2 3
798 1 3 2 5 4
799 4 3 1 5 2
800 1 2 4 3 5
801 2 1 3 4 5
802 4 2 3 5 1
803 2 1 3 5 4
804 1 2 3 4 5
805 4 2 5 3 1
806 1 5 2 3 4
807 2 1 4 3 5
808 2 1 5 4 3
809 2 1 5 3 4
810 4 5 3 1 2
811 5 4 1 3 2
812 1 4 3 2 5
813 4 1 5 2 3
814 4 2 1 5 3
815 3 1 5 2 4
816 4 3 2 1 5
817 5 4 1 2 3
818 4 2 3 1 5
819 3 5 4 2 1
820 5 2 4 1 3
821 2 1 4 5 3
822 2 5 4 1 3
823 1 3 5 2 4
824 2 5 4 1 3
825 5 2 4 1 3
826 1 5 3 2 4
827 4 1 2 3 5
828 2 4 1 3 5
829 4 1 3 2 5
830 2 4 5 1 3
831 1 3 2 4 5
832 4 3 1 5 2
833 5 4 2 1 3
834 4 3 5 2 1
835 4 2 1 3 5
836 4 1 3 2 5
837 5 2 3 1 4
838 3 2 1 5 4
839 1 4 3 2 5
840 5 2 1 4 3
841 4 5 3 2 1
842 5 3 1 4 2
843 3 1 2 4 5
844 4 1 2 3 5
845 1 5 3 2 4
846 3 4 5 2 1
847 3 2 1 4 5
848 3 5 1 4 2
849 4 3 2 1 5
850 4 1 5 3 2
851 3 4 5 2 1
852 5 3 1 2 4
853 5 1 2 4 3
854 2 4 3 5 1
855 3 4 1 5 2
856 5 1 2 4 3
857 2 3 4 5 1
858 2 3 4 5 1
859 3 5 1 2 4
860 3 2 4 5 1
861 5 2 4 3 1
862 1 5 4 3 2
863 3 1 2 4 5
864 3 5 2 4 1
865 1 4 3 5 2
866 5 3 2 4 1
867 3 2 5 1 4
868 4 2 3 5 1
869 4 3 1 5 2
870 5 4 3 2 1
871 2 3 1 4 5
872 4 1 3 2 5
873 5 3 1 2 4
874 3 5 1 4 2
875 2 5 3 4 1
876 2 1 5 3 4
877 2 5 4 3 1
878 4 5 3 1 2
879 4 1 5 3 2
880 5 4 3 2 1
881 2 1 4 3 5
882 3 1 2 4 5
883 5 4 3 2 1
884 4 5 2 1 3
885 2 4 5 1 3
886 1 2 5 4 3
887 3 5 4 2 1
888 5 4 1 3 2
889 2 3 5 1 4
890 5 2 3 4 1
891 4 5 3 2 1
892 4 2 3 1 5
893 1 3 5 4 2
894 2 1 3 5 4
895 1 5 2 3 4
896 1 4 3 2 5
897 1 3 5 2 4
898 1 4 3 5 2
899 5 1 2 3 4
900 3 2 4 5 1
901 4 1 2 5 3
902 3 2 4 5 1
903 4 1 5 2 3
904 1 4 3 2 5
905 5 2 1 3 4
906 5 3 1 2 4
907 4 1 2 3 5
908 2 5 4 3 1
909 5 2 3 4 1
910 5 2 4 1 3
911 4 5 3 1 2
912 3 1 4 5 2
913 5 2 4 1 3
914 4 2 3 1 5
915 2 1 5 4 3
916 5 4 1 3 2
917 2 5 4 1 3
918 3 4 2 1 5
919 2 1 5 4 3
920 4 3 2 1 5
921 1 4 3 5 2
922 2 5 3 1 4
923 2 5 4 1 3
924 3 4 2 1 5
925 2 1 5 3 4
926 4 3 2 1 5
927 2 5 4 3 1
928 1 5 3 4 2
929 1 4 5 3 2
930 4 1 3 5 2
931 2 5 1 3 4
932 4 1 5 3 2
933 4 3 2 1 5
934 3 5 4 1 2
935 1 4 5 2 3
936 1 4 2 3 5
937 5 4 3 2 1
938 4 2 1 5 3
939 2 5 4 1 3
940 1 4 5 3 2
941 5 2 3 1 4
942 3 2 5 4 1
943 1 4 2 3 5
944 5 1 2 3 4
945 1 4 2 3 5
946 4 3 5 2 1
947 5 4 3 1 2
948 3 1 2 5 4
949 1 2 3 4 5
950 1 2 5 3 4
951 3 5 2 4 1
952 5 3 2 1 4
953 4 1 3 5 2
954 5 1 2 3 4
955 1 5 3 2 4
956 3 1 2 5 4
957 4 1 2 5 3
958 5 1 3 4 2
959 4 1 5 2 3
960 5 4 2 3 1
961 2 3 5 1 4
962 2 4 1 3 5
963 3 5 1 2 4
964 1 3 5 2 4
965 5 4 1 2 3
966 4 1 5 2 3
967 3 2 4 1 5
968 5 1 3 4 2
969 5 4 1 2 3
970 4 2 3 1 5
971 2 1 3 4 5
972 2 3 1 5 4
973 3 1 2 4 5
974 4 1 2 5 3
975 4 1 2 5 3
976 3 1 2 4 5
977 5 2 4 3 1
978 4 5 2 3 1
979 3 5 1 2 4
980 4 5 1 2 3
981 3 5 1 4 2
982 4 2 5 3 1
983 4 5 2 1 3
984 4 3 5 2 1
985 5 3 2 4 1
986 5 2 1 4 3
987 4 5 2 3 1
988 4 2 5 3 1
989 1 4 2 3 5
990 1 3 5 4 2
991 3 4 5 1 2
992 2 3 4 1 5
993 2 5 1 4 3
994 2 3 1 4 5
995 2 5 3 1 4
996 5 4 3 1 2
997 5 4 1 2 3
998 4 1 2 3 5
999 2 5 3 4 1
1000 1 5 3 2 4
