10000
4784
5080
7593
8735
164
9709
8949
5183
6788
3690
972
2925
9443
2385
4314
5218
5164
8846
6601
7581
1843
6
6553
840
615
5712
354
429
4861
9538
2729
5929
246
4956
6501
5940
217
2471
7248
2375
1958
4645
9023
3686
9419
5416
5724
4020
8402
6643
6619
8043
3325
7867
6009
2538
2844
5107
4845
424
3636
3028
781
7620
5492
1654
382
6213
7131
4050
9910
385
1951
9155
3544
7558
1981
2776
1510
1704
3060
8306
9054
472
9321
4501
2017
3773
4918
4336
6631
8040
3869
245
1534
1091
9248
748
4765
298
8810
4549
6205
8206
7296
8811
3283
3354
6339
3432
1857
1122
3651
8845
2059
1964
8334
8269
6391
9924
1017
3542
7312
1361
5091
7645
9329
6823
5165
9158
4789
6994
1057
8072
802
4236
2575
4325
1679
9138
6803
2593
3481
6925
3511
641
4853
1884
5786
8038
4742
4263
7638
1845
75
7818
9517
5313
4843
1168
9308
5451
1375
21
3527
3287
2801
9157
6111
1030
5977
3718
7411
4067
6518
8891
8645
6715
1178
2117
5748
8762
2080
4427
2459
8819
5795
9223
5435
9192
3166
9581
4866
4793
234
9904
1738
7520
8343
9409
8112
1590
4735
885
9391
7023
5601
10000
4796
7757
5737
8952
544
1706
7575
4711
900
7883
8013
3254
9282
4538
5127
978
9511
7605
3005
5779
9205
4210
1180
3178
5064
883
3782
4638
5528
5088
5463
3293
6292
1100
658
8707
9609
7015
9702
1936
3444
5341
6508
4094
509
9416
3357
8162
8350
4349
9666
4555
4994
524
1259
7044
118
7785
7743
8469
6429
3876
8489
5701
3962
3687
7972
2892
224
3832
9842
1268
3763
5869
2945
6192
4449
3509
6607
9553
5358
3495
2628
8607
5007
4441
4978
4574
6684
2966
2427
7271
8237
404
1522
5280
5417
418
2418
7413
409
2988
4989
1811
9760
470
1345
4231
3600
9922
2646
719
5597
5589
503
3982
6534
9018
6661
8837
5268
2407
5504
6302
1078
1552
4200
3855
2858
5702
1571
8931
6348
5119
5917
2493
6366
4508
8230
504
784
7906
393
3639
1277
8477
6481
5329
1606
967
8416
2989
7171
7392
3176
1456
2703
2423
2288
6613
9947
2304
6480
3847
3555
7699
1446
9729
9899
22
6880
5587
2074
3070
1752
7986
8853
8352
1593
9799
1076
4258
8062
4135
6602
3514
9331
1405
9679
4884
214
7918
7046
5761
6591
836
3711
1494
8833
707
7503
8520
2984
9099
3064
9669
3191
4706
4971
3423
8192
8619
3233
5808
686
5974
1514
8868
7099
1623
6113
6506
5746
7247
4204
6191
9753
8164
9211
1187
9494
9074
9057
2665
9123
4813
1914
651
9060
7434
5016
3152
3303
578
9020
6245
324
8034
5314
2697
2727
1135
9152
2249
875
8288
3098
7104
1863
4493
4548
4452
1424
348
441
5891
5394
2911
8207
4309
3737
601
463
6991
2657
6056
7654
4905
948
4035
7067
137
5639
8593
3757
2866
8773
3059
3225
6242
5706
7532
3391
4061
9406
7208
4101
4672
9741
9908
6904
6840
6284
6047
8265
5346
3726
1688
5568
9131
3919
1907
4874
9357
3863
3568
3599
7273
1711
5419
6642
6474
487
2550
2719
961
6000
8444
6390
6961
4754
4022
9544
5201
7174
6308
9084
2587
9525
3383
2712
2003
295
3767
9073
4960
8533
7105
818
2182
4649
5788
2369
2794
7529
5482
3880
9936
2499
7833
4475
1796
3513
7196
8234
2547
2674
808
870
286
6988
2823
4019
5925
8890
841
7889
2525
8836
749
9381
8260
7120
3433
2731
5831
787
3438
4704
9188
1042
7443
7011
1744
9515
6482
2273
5092
2644
5830
2338
7882
563
6997
3015
4635
341
9140
3343
1137
5663
5660
3939
741
8902
7383
6187
8309
1961
1965
3429
6251
9136
2695
1282
6115
5874
8214
2067
8042
5307
6924
2758
2323
7086
8594
1663
6235
3226
9011
8966
3779
6875
7236
822
2810
6299
7004
1890
1641
3889
886
7721
9540
5842
1809
3319
5200
8396
7251
8174
294
6692
2517
5412
1449
3595
1746
4658
1579
1947
2331
6689
8372
148
6617
6871
5711
9133
9316
9170
7178
4806
5610
998
4817
3427
7682
3485
7625
7606
3379
4194
8761
7994
455
4833
7325
4487
1001
7793
3598
6285
5187
2733
8748
81
794
3640
4705
6850
4791
2590
7910
1343
9289
8691
6719
851
6437
6913
5744
6897
9460
4592
5249
3729
34
4730
6603
4087
8232
2950
9524
5204
6958
898
2007
8092
7227
774
9049
622
7291
9864
3000
440
2725
9860
5620
9855
6779
1570
8940
151
1048
304
9342
450
8623
2465
7018
6161
8045
1378
2008
9278
5298
5108
2702
5121
2308
2922
6100
4639
9175
862
3171
9846
149
557
1162
11
2000
5328
6693
574
2393
9923
7269
1658
243
7629
8128
666
8941
717
3321
7222
5428
8351
1903
7823
7419
276
2432
8426
9202
1102
3450
673
9420
839
8760
2556
1280
8942
175
7139
4367
3490
5785
9166
987
5126
5468
7544
5760
5976
3938
5569
7857
1046
7034
4480
2172
1755
9255
5199
3309
4926
5892
9492
9623
4676
1328
734
5011
9966
5626
6977
3754
3127
6584
8550
9939
7809
4029
9124
2895
7101
5147
5031
506
7817
4949
2583
8864
2090
1978
9708
1022
1386
7386
9129
2523
3341
5160
955
8609
9499
23
3138
3031
7975
2500
9296
9818
2613
1164
7422
1793
5546
4438
9577
8140
3558
9990
9590
727
996
5041
3570
7749
2622
1106
945
3151
5036
7751
3812
4632
8805
6484
1479
1337
2021
3944
4528
7267
8074
1306
7533
6682
2405
5131
7448
1350
7973
7770
6214
109
7923
3608
7166
838
6752
8196
9902
9280
2474
1234
3699
9601
460
8331
3132
4575
6819
2454
8185
3169
9241
6822
5261
165
3805
8392
6510
9994
3479
5248
8729
271
2430
6725
4520
6885
8375
3148
5671
4223
3262
206
4698
4239
5578
2809
8447
5439
9552
9868
2330
6499
6341
4346
1059
2567
8475
4875
5117
8487
4320
378
5880
6878
2386
6032
8031
7840
3026
1527
7898
260
193
4292
5197
94
297
3182
698
2280
3123
3221
3905
2743
5685
6855
241
2724
5173
1767
2133
5111
5324
5076
1748
1930
3945
9890
4815
7205
2782
6331
942
3559
323
5082
2215
6145
8308
8823
4447
845
4180
5965
9706
4207
8485
7961
252
9056
7206
4900
4959
5112
4777
1418
9546
2365
1179
638
4768
3878
1610
7592
9240
9869
3803
5914
8159
88
5023
2213
1920
4602
5769
9463
7377
1483
2973
6828
1273
308
6639
4991
1377
6093
9313
3979
6941
2164
9181
2569
1624
5854
6606
9115
1190
5912
1803
7302
2083
5434
4407
4674
4065
3567
8919
9895
5576
50
4995
4756
1154
3118
5629
12
5090
1250
1615
8829
3788
6334
9664
1800
820
9327
9830
486
8551
1032
7701
4250
5330
2915
174
8339
122
309
8493
1242
8342
9576
1197
764
7412
419
1290
7188
3083
6011
3771
4618
5678
5013
1683
6465
4052
4668
2689
220
5364
1357
554
5915
2479
4364
4883
4409
8768
4115
9733
3864
1362
3447
2527
2450
3732
3156
6911
3217
3993
1826
643
9336
444
6872
4893
9328
5087
2384
1203
7500
6926
5078
7303
7357
6232
3499
5715
8586
1471
5338
1221
5959
4601
3535
7948
5485
1669
8400
9390
7675
6345
2166
529
9626
5718
3550
9571
2345
6952
5827
9163
6459
8026
9168
5004
1155
559
606
9548
4870
6847
390
2545
6812
1124
3628
6296
8401
2621
9952
4071
5947
1258
388
7985
2557
4859
4280
1618
1529
8341
7117
3611
9309
9614
2634
6178
1332
4185
8193
4076
4387
4540
4324
8160
6223
1239
3252
9726
7736
1388
8536
8310
2899
3770
7551
5473
1346
8274
3461
3533
3943
2487
6344
2480
3489
5903
1957
9685
3472
6151
7836
8874
7274
1400
4400
7930
8620
4090
5833
4948
8014
150
9751
172
5803
8268
2458
5939
7735
7185
5203
8495
5296
879
5873
6708
2610
3285
9259
1289
3988
1401
907
1086
5052
6785
2744
1006
8370
725
6055
3907
2704
2539
2766
2580
2231
2248
4809
6160
7371
4838
6086
7388
2287
4824
3392
1780
7288
4040
3264
6738
1153
8506
7351
6211
4482
8049
6832
8803
8507
4453
7730
3253
7198
4261
55
5835
6278
156
7778
689
8782
959
4413
7074
6637
8708
9530
6644
8812
6965
4386
6462
8557
1085
8971
8889
8101
9045
2140
8839
4023
4976
9603
2043
4746
9556
116
5015
7396
2180
8389
8091
6072
7026
6735
8789
6028
8036
2784
4689
2058
7301
1674
9246
1208
2528
1766
6397
6574
275
2322
6092
9088
5942
8305
3723
7868
6935
5231
1616
9518
4481
3738
3097
8621
251
8851
1129
3349
3453
5968
2245
4470
3933
6157
1840
1461
4283
7696
1842
9072
1749
71
8395
9892
1066
4551
5006
8431
1775
6040
1266
4779
6393
5995
1288
5174
8610
2648
3311
2145
9758
4220
1226
4108
6137
1176
835
3336
7165
8599
4416
6865
6861
7181
7747
5826
6731
9294
4202
668
3228
3306
6204
3328
9650
3437
3780
2135
800
6820
4727
1622
6548
9236
199
8364
5484
7481
5390
7652
3239
4969
7367
4699
3266
9559
488
9668
3708
6074
3292
2850
7842
5764
571
9425
6962
6543
4081
1536
6944
9837
1799
1230
1024
4952
3728
7841
2057
3091
2633
1037
9195
8744
1223
9085
7163
9998
4241
9237
9619
646
4662
8587
8569
7996
2640
230
4479
4587
603
4070
9691
2602
1989
3237
3941
1950
70
3580
434
447
5969
2969
3501
3966
992
3451
8885
1305
3528
176
9098
5574
1692
7622
5834
3346
3609
4015
5559
2870
37
3462
7776
6018
7463
4558
997
9945
6662
6389
3301
1997
1702
7804
1962
5255
30
7453
3830
8727
5579
551
8024
4197
2498
5533
3054
2192
63
5335
3653
7010
3649
6523
6276
1625
1304
6687
9608
7571
4318
4036
4887
8144
1854
7653
8095
2693
5284
8548
1887
7585
8719
1314
7780
3029
5687
8171
788
1148
180
54
4666
2881
9380
7362
4600
6955
7589
6267
1477
7739
5425
5923
3937
263
4184
2651
6568
8205
6655
905
735
6889
8702
8883
9287
3532
3374
5158
983
1718
9215
5609
9955
2589
6426
988
7805
4181
3978
754
1036
6522
9828
7129
1317
1095
1983
2183
6194
7418
682
3825
8512
3654
3431
9670
4378
6290
7694
2092
8251
8057
9353
3297
9649
2620
7268
3327
3286
4215
3255
2041
7617
6764
200
5749
3069
2420
6737
7843
8633
3173
9968
9262
5812
7428
9080
2184
5021
3330
9478
3860
7574
8215
785
2721
4356
8808
2009
1387
1342
9810
2811
5547
3702
9058
6532
520
2191
3100
7391
8598
9807
7636
7750
6728
7634
7490
621
7568
209
2717
5875
6622
5617
1715
2799
3030
1074
9510
2614
1822
9891
7297
4100
265
1548
3197
7374
6107
9940
3983
3768
9404
5246
8887
6986
713
6438
2193
1108
2212
8779
6940
2753
5085
8863
8626
6064
850
8627
1676
3076
4620
5055
2535
9774
8125
1222
7958
6710
4129
5640
798
5722
9154
5414
9040
4687
5565
9747
4425
7880
4120
376
6890
7759
5938
8227
4064
9260
8731
5195
8546
5825
6915
4454
9299
5739
2581
6355
3585
6567
9991
5348
7456
9473
685
5856
3154
9187
8858
85
7939
5263
1244
3519
1609
637
9714
928
2296
8637
3721
7711
7156
3347
1205
1457
1757
7025
6263
5978
4179
8841
5287
2505
4553
2769
5509
3165
5000
5693
4731
893
9829
3422
9019
1565
9978
7246
985
7039
7042
5583
9762
311
8158
6227
9982
8774
5008
8600
8749
8771
8605
1462
1111
1333
3665
6038
9392
7238
2170
7954
4056
8455
1099
2774
2856
5453
9593
5521
2985
3785
446
6058
38
2010
492
7502
510
894
4147
9580
3741
9025
1847
7289
6570
7572
6384
1627
7596
8141
2820
1777
4636
6365
8676
5034
575
825
7449
1344
6117
1724
3331
384
8892
587
4988
690
7881
9838
6694
2607
2460
4286
5664
716
8157
1881
2237
1423
9769
1249
577
9800
9021
2176
9032
1993
9186
9992
2061
6287
1409
9256
3865
6500
9037
7266
1434
3692
8012
2270
1028
6002
7343
602
4722
1888
8559
44
6130
2060
121
989
3365
8936
4563
936
9916
8023
3760
7506
8240
8017
1564
995
3635
9600
5659
9526
5079
2279
7083
8241
2484
2815
4947
9143
9190
9585
993
9388
4203
1661
7518
1098
8070
3986
7255
6730
5855
6575
3348
5490
57
516
3074
6154
1379
4920
7382
592
823
9964
5189
3270
7062
4588
6401
688
9737
7554
2099
3664
1169
7714
9775
3207
6077
3493
7769
1939
325
569
9422
5222
2434
3794
5477
4141
8675
3084
3670
6428
6005
944
8494
566
7740
6443
237
8867
7071
120
9999
9738
6068
9369
5235
7623
2541
7725
849
2486
2093
9748
8429
9665
8603
347
1542
3397
1063
5680
7850
2408
4665
1090
6960
6383
5971
3502
1278
6564
4857
1635
1726
8344
3482
3806
8113
5179
4961
2072
8263
6838
6498
680
4284
232
9975
5017
9435
1119
3848
1657
6146
9
2085
9930
3425
7633
6165
809
8182
7016
3288
8968
7708
5716
6110
6298
2800
314
803
2050
3235
3471
2168
720
3136
5319
6723
4018
5536
9692
779
7442
3849
9069
6134
6760
4973
6605
8441
9976
7992
7935
6275
7234
9438
2652
505
4238
2473
4157
307
6749
8901
6142
9427
1815
2506
9683
9153
5101
2962
6578
528
7632
795
1303
6829
3813
7582
1237
4468
3381
6573
9302
6632
8291
846
3082
6109
6651
8060
9385
1325
5859
1928
8528
2835
3688
6452
2177
4331
7358
2508
4371
5828
7934
9065
3900
7943
6010
6488
6454
4445
814
9794
9749
9752
767
6206
65
3790
291
3006
2390
1159
7559
216
5776
4307
6560
3691
3710
6491
5426
5125
7766
7489
6982
3823
6789
3846
7546
1260
4741
2682
8433
5511
7678
7106
7146
5649
399
4127
8545
9028
4868
2026
1868
2873
3290
4388
3694
5614
3215
3010
3278
3449
3295
7256
8972
1422
2126
7495
5271
9412
3333
1481
8725
7717
1892
2570
2673
9965
613
9582
1466
9305
4469
5703
7916
9843
7258
7801
8100
4503
1902
3650
3370
6222
8872
2714
3238
8405
1568
9275
9213
946
5389
7436
6159
6007
8452
2582
9867
1082
7580
8673
8616
2876
7788
630
4001
9351
364
1160
8382
2382
1486
7111
6756
4904
3045
8667
6975
7569
3284
2585
5098
573
6657
4953
5413
8390
6286
8428
8015
2963
9931
3915
5331
5073
3566
8985
6065
1779
2574
5883
9301
7059
9884
9332
3289
351
8515
6362
2225
9042
6444
6466
2690
2131
9273
5025
6754
5315
2948
2671
920
2992
2806
4344
9598
4958
2825
3467
8422
5379
6360
5586
3400
7621
9432
4150
1027
9897
6672
2649
132
9519
4829
8176
9508
9856
3167
1833
4006
6410
9814
7333
6253
4183
4051
2241
6314
4490
3627
5537
9926
8720
183
360
7279
1931
4990
3033
7873
6229
6588
2831
4103
3829
1501
3947
1598
8326
6796
9653
8300
8235
4142
949
6199
4038
5688
228
7237
8523
8745
3802
9324
4802
2668
4382
977
6635
1061
5542
4800
507
3742
4282
8908
8463
5608
1447
5644
8996
3027
9171
6624
6709
7194
2738
1270
2964
3196
4622
3967
1380
932
2073
9588
9243
7368
1254
7281
2533
819
6973
5904
2705
6813
5581
8393
9811
6660
256
1051
2795
7344
9013
5206
3110
6099
4062
7116
4678
6029
4535
8272
5525
9266
1265
8327
8094
9434
3512
7417
4024
9882
5625
6744
9676
6394
3885
1631
4844
960
9636
8316
9125
3956
3964
5499
4693
7588
9265
591
8323
3474
8139
7494
6541
10
270
4031
4228
145
3051
2047
6525
1182
4375
7242
9824
4619
1291
402
5407
4410
937
3131
5084
2502
5241
8893
7210
4899
1301
4033
2356
4986
1110
916
338
8488
6260
141
6667
5466
3153
1979
4734
9070
189
6612
9063
7109
7164
5185
2222
5057
8678
2075
2031
100
1985
927
6431
4492
9162
3144
5634
648
9693
8067
4975
5654
3678
9214
5269
8884
6920
6030
5454
5622
3376
8296
9398
5283
4616
2485
3629
2768
2709
4259
1764
92
9711
4288
2552
2130
3766
6836
8573
7978
5311
1557
5037
330
3597
6416
9389
9268
1567
5360
3410
9116
6476
675
2812
8965
3589
4308
1338
2276
5672
9881
7728
8271
4265
9055
8661
1850
1569
8776
6559
4151
4896
6376
2898
3695
867
5650
4092
5129
3545
2834
8716
7635
5591
9801
2103
3232
2289
8751
8366
5474
9988
4082
108
8256
6674
4037
1640
9210
1403
3024
5475
1967
5281
3623
2173
9469
4631
1366
9000
3912
3149
2141
4819
4357
771
3798
8283
3300
4865
4929
4079
5802
2901
3003
4669
8466
7828
2683
1397
5399
3272
6698
9218
5990
3897
5719
7870
583
1708
7483
6996
6528
5527
8468
4057
5782
9164
6409
7819
9176
1132
9239
7049
4021
1874
1759
4339
4677
6451
5266
5858
2324
8039
2846
9089
4628
2084
4213
8249
7220
2907
1443
2678
244
8703
8006
777
5814
5870
2715
5345
1430
4444
5415
1986
4651
4366
1551
4227
4654
1283
210
5980
4131
7379
2199
1925
1206
8409
9663
3469
1150
2917
1691
2035
2997
480
8517
527
1972
1172
6993
345
8275
6757
2179
9399
581
7054
8724
3128
3497
6144
4663
8601
4010
2439
201
1138
2653
9444
5019
9314
5378
7530
3917
4330
4398
9182
4897
9887
9484
4597
5363
7662
143
6400
9430
7521
8943
1382
3004
2020
4660
5884
5773
7987
7844
379
6909
3577
5800
827
3807
2128
1213
7153
9551
1433
2167
650
7159
6282
8529
9139
7942
2755
4726
8511
3106
2037
4739
1778
6425
2081
4759
3480
4322
6075
3048
5954
1363
745
8078
4502
3439
4208
7912
6387
7926
8146
7212
1367
5936
3713
1487
7603
9442
922
1805
3213
6266
1220
5973
6579
4828
555
8346
2974
635
2210
5652
3844
3618
3503
1789
604
640
2829
7081
3405
3002
8817
3009
9832
8105
9825
8534
9083
7570
5832
6902
4627
792
709
7639
852
8481
8734
6908
127
2101
182
8932
7667
8011
3683
3236
2178
3586
4863
4072
8909
9231
2065
7322
8726
1269
4446
471
6259
74
2928
9583
5888
3799
8674
7691
9466
6006
8096
4902
1083
1489
7070
4523
4055
4945
7748
4881
7864
634
2943
9014
4767
6923
6246
7409
3997
1012
3562
194
3404
6658
1177
4630
5302
8970
1264
8427
8560
9798
5819
9203
6753
9461
1458
7179
3259
4048
8430
5033
2290
6170
5811
2409
8542
5424
7119
5133
9705
7092
2398
6094
5667
5957
7815
1365
9723
91
2344
2157
4747
7539
915
769
3373
4177
8685
8130
4894
9712
7176
2594
9629
2785
4172
5759
5343
4251
6120
9509
5907
398
7259
7716
6375
8131
318
4908
3810
3573
4758
963
8476
4667
8018
9300
5726
3955
6979
8217
3263
4233
2448
4294
9050
5998
5920
8041
4545
1049
1224
5403
6158
726
2841
5740
9450
5628
1468
1243
477
9866
5943
2516
4655
1351
8122
9871
1307
4981
5093
3977
5233
5651
2394
6580
2592
4274
1524
1340
7522
9482
4214
3772
2336
9497
2544
1941
190
4840
4972
5861
7565
1651
9730
9573
6741
2362
2
1862
2161
1758
3473
1372
7355
2274
3540
3593
8990
8491
4405
1851
9745
1659
2440
2708
4415
3990
9502
6540
3881
4856
4910
1125
4770
7143
2786
1849
5645
7309
2698
9507
3395
301
2457
1166
9285
5791
7243
9198
708
27
6914
8440
4164
4613
3581
6620
6625
6089
2151
5592
1794
659
8304
6683
9397
1877
4590
2053
6046
78
2378
4572
8753
406
1827
9506
7077
5543
9303
5171
6626
3908
2932
2643
4939
4955
8360
8087
2826
3975
974
2197
1831
8827
2373
8204
7048
2368
7698
9067
9529
2549
397
69
1097
1465
2203
5531
1336
9541
8290
8165
8584
357
312
8340
1599
7257
329
2534
3399
9108
498
4278
9661
3428
8408
9961
24
5144
4122
8059
9306
8019
2778
5493
2855
8099
3184
1173
1093
8781
5375
7608
1644
8656
2115
1211
6017
6399
8424
5045
7387
7088
335
1298
123
6653
9995
8136
6469
1605
4708
7628
7862
458
257
1561
1690
1653
5661
6396
4922
966
9681
1783
7974
238
4174
8386
728
3380
6495
3646
264
8029
1145
2376
799
4606
288
7282
6968
6654
2251
2236
2129
2980
191
1157
6291
9160
2481
5538
4484
7184
589
1787
5815
7783
8946
943
8044
1358
6320
2412
4461
8258
4764
7519
1436
9358
3817
9165
2105
6209
1544
3039
432
1404
2132
1917
4160
7616
2377
3050
6526
7886
35
7286
4750
5386
6122
5877
9433
4846
4323
564
5984
5244
2482
1665
8286
8718
6747
2854
7797
8282
5658
1664
3539
5494
9104
96
3077
5237
834
289
5487
3928
4130
6531
1781
2327
5924
7738
4016
9281
4696
3458
1496
7310
3543
6633
1104
991
2455
4376
3953
3147
3862
2746
3845
5371
1804
6990
4783
6033
1279
1056
8657
6686
5797
2912
4429
9743
5727
6249
2456
7263
3719
6933
9114
171
9090
1999
8053
5682
8320
1709
8848
8355
5053
4661
4831
6483
724
3072
3140
3840
5288
2813
1139
356
6080
7232
9079
7078
5573
3552
3142
4049
6953
7193
3940
7991
7729
1905
9315
3697
7172
4390
5621
1193
9270
3185
3412
1163
3317
4950
871
6463
2285
3388
4744
3765
2159
3119
6893
5679
8212
1859
5135
9514
9178
5297
2564
6945
9595
9567
7742
8189
5864
2526
8564
5910
8787
7802
4772
1550
9522
9010
8556
8490
8826
9667
3551
5026
7787
4285
5613
3541
1185
46
2524
8202
7888
9436
5670
8668
6721
8058
5932
8398
1539
6998
3858
7684
8918
6833
4916
2355
4436
8984
765
8016
6240
2435
2756
2006
5388
1255
9386
7065
7949
3058
1452
1555
7082
7806
4209
7908
7576
1756
3145
4340
2181
9500
3038
6640
6424
4143
4281
9929
5289
1992
9284
9325
3842
2983
3775
6020
3180
8245
2667
3220
9815
8442
5526
3515
4810
1620
9686
7856
5384
6649
4478
2553
7038
7587
6701
7373
387
6467
2972
350
394
6826
1130
2848
7183
2226
4946
5460
6815
958
8821
4983
3529
1045
4256
6175
9077
5418
8987
3984
1990
7637
5781
582
6859
8486
4451
7562
9144
7962
208
9097
6983
8654
5756
2444
8743
8451
2018
2107
4913
2987
2263
4570
1478
6845
6198
3081
8532
2150
2604
5095
4422
6371
4249
9107
3416
2991
7626
1322
396
1432
1626
3630
8856
7354
9643
5593
235
7390
990
1861
9467
2343
7066
8589
9445
8097
9470
8878
923
9831
4529
1426
502
1315
1493
9946
8438
9295
4521
2022
4803
534
9736
6562
1428
2828
6929
4385
6787
9628
1227
2982
2125
9051
3117
1667
8397
9547
4728
6794
5553
3141
6118
6330
9543
9948
3488
3332
349
9100
6233
9193
5821
4474
4289
5927
1359
9797
7433
4075
3526
5845
9513
8465
5894
3960
9569
5264
465
4511
2360
9402
8374
8538
4124
9550
339
5333
4211
793
5975
8138
4898
3434
1414
4310
9725
5588
4584
2341
9250
853
4269
2097
7085
5253
5674
1355
7441
5456
6408
5495
9283
1774
459
6664
9362
1607
9699
6241
1327
5552
29
1546
4275
5961
1869
2814
8780
3827
290
4787
5985
303
3752
207
4752
8175
7043
854
2842
981
9307
2968
1040
6313
6422
138
2112
5665
6727
9850
5275
3930
9972
4951
6839
9555
6628
9173
3312
6181
155
7993
8915
258
6171
299
5721
3614
5332
7670
2111
9002
5170
8980
8086
9145
5647
7579
9364
7408
3274
4351
3569
8906
5433
3680
4807
9612
6359
3025
6449
6773
6621
2297
1735
9387
8912
9539
7425
2923
6297
8134
4302
512
6388
6215
9501
8797
6917
4358
2971
1491
8337
901
3839
5675
1581
8324
4300
9167
9563
7997
9591
1678
6497
343
2572
3460
249
9768
6896
8516
9150
1383
7732
4123
8142
7941
1723
5259
7155
8347
2349
5913
9439
3041
2070
8348
9498
1437
2783
931
9372
1585
6569
6150
4247
4042
2857
4923
832
8169
4374
484
7656
9933
2859
3838
9003
1740
6517
3052
3013
710
3161
4925
1118
422
9485
4266
9208
4119
6888
1324
6918
1770
9048
7229
9848
2038
5479
8388
7299
2658
2175
6593
2463
9344
5931
3445
9618
179
3273
1562
914
8123
187
7524
2449
4109
3012
3243
8514
4822
8875
2630
2095
1094
9413
315
6402
4098
9883
7660
6781
7600
4354
5824
3758
64
5705
3116
2749
6231
5789
8693
7599
1321
4527
7064
2326
9627
5772
9773
8877
4941
1636
7447
2269
6248
878
5564
7895
407
1354
3464
5857
2235
9974
892
9957
4737
5254
4226
6061
2764
6420
1629
267
1974
4623
4488
42
4659
4312
4982
2410
9704
5555
9979
1662
430
2663
9847
8948
3114
4890
3574
4892
5596
7254
9349
2040
2548
1771
6746
5376
8211
5234
2941
6582
4962
3368
4561
9491
7648
952
3624
2862
9732
2370
6367
3090
5890
4195
1526
2599
2656
5116
2661
9821
7013
2422
9589
124
9071
468
405
4495
9227
2472
7405
7228
5513
9889
8882
9235
8978
5491
8815
5420
6711
537
7003
7874
1201
9102
8505
9113
7308
1518
2741
1592
8184
4964
9012
7057
8698
126
2402
705
3936
6256
6586
1995
4182
7763
1660
3440
2027
7861
2142
173
3466
5400
1717
2076
1240
755
7640
4954
7564
7781
8155
6751
4766
7348
5146
7734
9026
6912
9761
1103
8843
1151
1924
4417
1602
5981
2660
5250
6279
1612
7287
3443
6478
732
633
775
616
1729
5948
8618
2710
9234
5305
9911
605
1492
4906
570
2711
5404
1937
2246
9504
8496
5326
2198
2200
7872
3345
6966
6634
8955
5787
7384
7314
8993
7445
7215
2162
8413
5871
7480
1126
6340
7765
7191
104
5178
4599
2916
3923
6395
1560
567
4054
6943
9523
7338
2927
4757
9317
5029
6876
1035
7136
804
9230
9701
9459
7658
7125
5729
9886
3505
7744
6088
8301
7845
5801
2958
2996
1142
7951
3675
4499
7779
1632
8869
7464
2310
1508
5480
381
4977
5790
8005
6645
1392
5208
5406
6152
5717
2411
8692
3994
6903
2504
8509
67
7107
590
1043
2514
8
3998
4225
7
4355
107
8107
2281
5382
3612
519
8820
2353
6782
4365
8167
7349
4937
8961
2265
9805
2138
7231
198
548
743
5958
7414
4509
8161
9101
7855
3904
5804
1839
3679
7516
1065
1672
6255
9698
5293
2700
1873
103
2483
1218
8186
8076
9120
5301
2601
5896
4644
1817
5696
5072
3660
8921
414
3062
1530
2214
1341
5276
1901
3892
9687
3230
1810
8195
5673
4842
4723
1866
6713
7403
830
801
5580
8239
3645
1595
5075
3588
6325
5442
9777
6978
389
1245
1506
9521
2004
6980
4701
595
4361
6921
7674
62
5514
2121
3632
7435
1146
5205
7300
6294
8050
1454
4729
9873
9640
2926
6368
1578
6680
7657
266
2354
1733
2120
5217
8631
5260
8579
9001
6293
9878
5150
9458
1913
5321
2824
1743
4712
3926
2149
655
2108
1747
2512
3483
3701
9017
8143
3932
1591
6515
479
1841
8963
3470
9298
7233
3927
9942
973
7479
9047
2262
4930
3661
6104
3549
3366
8694
8649
3633
4034
4270
5458
9728
2573
7063
2144
2350
8168
6382
1790
4089
7014
6670
1215
5409
2883
8547
7960
7547
7402
8148
1490
4710
8643
1438
7339
443
2056
1946
9763
1829
9907
7052
8625
9631
3724
5325
9680
437
9579
8446
5402
6808
1648
6900
9874
3652
8807
7487
9424
6212
6565
2606
3014
4567
4534
3605
1318
9128
3302
2431
2952
3890
5138
5383
7037
5139
6600
7200
6763
1209
8962
7771
3689
7458
8606
9647
2012
2216
1773
5421
1808
7680
7917
2029
2351
3727
2391
9454
7969
6949
672
5994
1207
9767
3326
3120
791
1141
334
3672
4338
3831
5077
2558
5369
3452
8572
2946
810
8722
99
5944
4642
3504
3157
5897
3101
2019
6001
7907
4684
7614
5933
1980
6797
3
1911
9927
4536
1785
8764
9400
4794
763
5585
5694
1597
5686
9252
934
2114
5714
8937
4128
7762
737
6761
7967
4498
7854
1737
6310
2577
4003
3980
7221
5267
930
9441
2147
6069
9644
5567
2905
9989
4466
1838
2379
5177
4614
6049
9039
82
5817
9043
2999
8273
6758
313
7346
3216
9622
3658
8677
5136
1824
9410
6307
2994
3987
2321
5393
6392
2902
9418
6898
9251
3950
8576
8103
9512
4974
3821
372
3676
7646
8201
2584
306
6688
3674
4240
8723
4968
3362
2438
7619
9560
5392
8681
8658
136
9607
1084
7764
2442
5047
1389
6217
5887
1923
5643
7897
3837
4368
7595
6162
4093
6784
9244
5767
363
2298
3783
5594
218
3811
9426
6695
8434
1041
3102
6326
3160
15
2978
7988
4880
1837
6096
159
1033
3337
7213
4221
1047
5865
7792
644
2885
5624
1671
8697
6148
6269
8051
1441
261
5566
8321
4775
4886
7154
6549
6766
5350
9475
6504
153
3313
8200
1121
119
8518
8750
8866
7372
7047
8236
6243
7278
5373
3065
2230
6907
6471
158
2102
9575
951
7127
5323
9505
3107
9734
2118
3408
391
3396
733
8414
9312
1444
2720
4671
373
7590
5839
7703
5471
8046
7100
2853
2687
5408
4370
117
7474
6173
1614
4435
1516
552
489
6821
3418
826
869
2403
1532
5666
2802
1714
9212
1143
9776
5496
5908
6262
8920
8379
9086
8644
7925
2874
9130
4152
7378
4984
3477
9953
9754
1025
6238
3056
8590
2612
4140
5956
4321
8806
2194
9646
6352
1893
8714
7876
5140
328
1235
7484
6434
8048
4799
5852
6076
2816
253
4230
7602
5236
7573
811
1505
9778
336
2443
7097
4298
456
6406
9417
8243
8082
7775
9263
7693
4901
864
9862
4159
3491
3177
2759
5501
2342
7090
48
3342
8417
8114
7327
9791
6811
6585
8935
837
8381
7031
9954
2821
5472
1062
3888
556
9221
3378
9659
4716
3271
4895
3572
1229
6448
9624
4633
3736
1186
6349
4392
4121
7718
8117
3322
5539
3245
7326
2748
8813
9835
5780
9378
7225
2540
7103
7307
1830
2406
5294
5318
115
5148
5778
2306
7837
5653
5102
5497
1525
3055
1577
3715
6487
2015
4591
2011
8840
1116
8653
7758
2735
5966
4862
1285
2284
9684
6881
8479
6381
6103
1402
7021
1421
4234
654
2257
1940
3375
7501
1408
8567
7584
9247
6258
6774
1919
7499
7055
9062
3934
6685
5196
7851
8328
656
6882
917
162
2267
6577
2224
9224
3712
8066
4580
7715
2913
110
8435
5605
4938
5611
8650
6804
4017
6272
2818
1067
3103
3819
5544
8655
6101
1942
5359
1684
9376
8108
9787
8383
9225
72
831
594
8285
2884
5285
2894
6190
718
6398
4476
1880
629
2509
7017
2532
542
5517
7035
2804
7009
7098
6226
3308
1921
2554
7033
4277
2309
9780
6846
4542
9894
3913
5445
7545
2302
3043
6938
6883
8278
1918
4333
3929
6405
296
1420
86
4999
2847
2910
5590
1431
6440
1566
247
2137
5216
5669
7415
6059
9076
5258
8177
464
3553
3256
2358
9343
2578
7199
8639
3339
1604
8194
1619
6305
5132
2871
2839
4867
3202
8928
4345
4105
2522
8299
7061
5066
7187
2920
8222
4138
7982
8407
3834
255
1498
6618
8378
3510
2233
84
5444
7612
1189
8450
4377
6186
4394
7598
1761
761
828
7485
7150
4643
3359
935
7535
9722
9340
5481
1584
9857
7276
2789
6108
608
7493
9877
5309
4000
5697
95
4058
5755
327
8198
5476
8628
8133
4485
1092
6891
7999
8120
7455
4841
4607
8911
9421
4133
9833
8555
9393
6590
4244
8983
626
971
1603
844
1832
1987
6611
2079
3886
4936
9527
2942
4745
4581
4879
9034
1728
8822
5902
9137
4458
2163
386
3954
6768
1558
3999
412
4855
5529
3734
7980
6155
1668
8880
3234
6457
1364
5467
2282
452
3617
1009
2995
2046
9574
9949
9746
6629
5893
6168
2787
4116
485
8715
3049
9822
2618
1680
861
7328
1352
3518
5367
2389
5541
6750
7068
2291
4931
8790
1646
6427
9596
1666
1910
2495
1360
5515
7400
274
6063
4598
9249
2591
2220
8713
3307
866
6337
5725
8000
6270
1765
6128
7138
6791
392
8784
5461
9022
4571
7321
9041
4162
1699
2452
9516
2830
1319
2359
7468
9578
2819
8411
3242
2555
7324
8740
7353
2938
8521
5575
7557
8183
4222
8969
3121
4928
2098
1329
1194
3602
7761
269
5322
7211
4583
8530
4173
281
5992
9870
4007
3022
6224
4460
5577
51
7376
8229
7157
5889
7679
129
5572
6827
3246
982
7952
758
5300
5615
3122
426
3224
1499
4189
6894
639
1705
1302
1818
4732
9304
2380
6446
1541
8289
4014
8284
4776
4942
6566
2694
2036
7253
2383
1685
2521
7426
9779
9764
1694
7610
1813
3299
1003
5637
1077
8262
467
1984
3743
6303
1762
4273
7144
3884
197
9750
3571
2475
45
5225
562
1634
9985
9035
6060
6026
3111
4463
1484
7515
2808
2139
7677
2838
4178
8367
6197
3394
6930
3249
2372
3536
7260
9395
6623
9554
8700
4720
9394
6627
8188
1356
5167
3852
8552
8763
1819
1687
2791
9092
205
4311
5410
6772
8705
4774
5462
1191
588
704
7719
9703
7869
1200
6780
1334
7651
813
747
4137
1253
6456
7507
6419
9597
9912
7454
3170
4832
7340
6989
1912
421
7510
2639
2903
8855
105
1742
1167
8474
2254
1034
8419
5124
8104
2537
3537
8733
6131
4507
4462
2845
8368
1476
3974
9196
6200
2025
9943
4596
7264
457
320
204
3231
500
6806
1217
73
4243
7135
9476
461
4934
5843
9616
18
3403
2707
6139
5745
9981
240
9288
913
4656
8454
3318
6860
5733
2666
7713
2772
8199
6312
6554
3155
3092
9813
8069
2100
2388
4327
4002
2086
5632
2623
2071
2317
3194
598
2433
1915
3824
7277
178
789
8369
8209
2792
4290
4505
8982
2205
6095
7871
3850
5003
7209
723
4145
9200
476
9562
7690
1183
8870
2451
9006
8359
5723
4858
7305
8696
8298
5061
2773
1695
1429
4144
2626
9016
7508
8448
4414
7079
3205
7029
1698
3935
6699
2491
3916
2357
7342
6164
9827
624
7007
880
6277
1002
4621
855
5636
8671
3223
5836
6576
6529
4113
9407
8905
9615
7885
4296
6538
9274
7437
5561
4383
6995
6106
203
7957
6318
1784
3143
9082
1005
9261
2367
2793
3420
9257
7123
8380
7875
4155
515
3350
6252
1184
3017
9457
7649
3874
9755
7421
4650
7431
4907
6879
1586
2339
1871
135
3210
2615
868
7791
7202
1701
7427
9718
2520
213
140
7922
4187
4402
8701
8881
8792
9405
3421
4825
3520
2771
6218
1480
3137
3578
6502
5128
1440
466
9121
2760
3487
3478
1485
9806
1806
1399
8717
7089
908
7695
5945
3229
5516
2949
7438
5286
7002
2595
211
8838
8253
3175
6981
5097
9572
8553
712
2278
9742
744
2677
6536
1960
6430
4648
903
2986
1415
1909
9744
6665
5245
7509
383
8035
4212
1509
4384
2206
2605
2954
2156
8081
1000
1594
8755
8732
362
5962
9446
7393
9411
7290
7416
703
2609
3424
337
531
6581
3316
4393
6630
9845
5181
6127
4903
6317
4927
6954
1768
2189
8027
7337
8085
2227
4682
1844
9087
4637
7216
3071
739
9191
6169
628
7347
1020
4379
1968
1719
3746
865
5175
4552
9161
2924
9784
5334
2218
1204
1275
9009
7318
4547
664
3693
2890
3898
1575
2888
1385
3468
3524
1875
8071
5014
4254
113
9109
8682
6800
4153
8365
395
8531
5507
6814
8904
5704
9534
9462
1445
5867
7162
1214
8539
3244
776
5310
5251
277
2244
7663
7813
5557
6714
1782
2636
7921
1073
368
8436
2867
4924
6439
3269
2436
3475
7024
5823
9503
607
3436
2936
6572
3211
2691
6133
3587
1655
1753
8502
1198
4245
2736
6124
5018
610
2188
7224
7774
7504
4069
8371
7733
7672
4997
77
2684
280
964
695
4506
4987
2635
9993
8728
511
965
3841
8109
9496
8250
3610
9721
4664
6216
6136
7316
6458
7459
4107
2632
5436
192
7380
3265
3700
6265
5900
2301
1707
6669
7543
9770
7241
4681
4156
1081
473
7669
3174
5387
3496
8221
1904
5876
4224
501
3073
4068
7226
4091
6179
6140
9876
177
9696
374
3179
6271
2849
6230
8850
5677
687
7293
1369
6283
3078
6045
5357
411
9383
2507
3279
4271
2701
3334
8636
7019
8747
7983
7470
5214
2272
9898
8662
7027
8098
8415
6364
7285
4585
2366
7385
5381
5162
5354
7937
6696
6346
4004
454
8124
7534
2295
1089
9448
5708
5866
166
5698
5355
9194
6739
5922
9216
5290
6332
6464
4397
268
474
2919
9657
5681
2586
9655
3857
9038
2681
3268
8179
6281
5905
4426
6085
1228
679
9096
4013
8276
5035
2364
1879
2893
1504
9132
8384
8574
287
2185
1589
5935
9423
2625
9935
4629
9536
427
1050
6066
543
7158
6374
8055
6805
2977
7830
6720
8354
7890
2617
1109
7058
7932
6835
8592
4350
7151
8127
9602
5032
5362
9633
8303
7704
3601
4074
9719
2028
4496
9179
7395
9694
2642
7702
5618
1134
4611
2219
2959
2872
7432
4041
7826
7709
7315
7060
6810
4944
904
8816
2413
3517
8709
4084
6937
7053
8412
5919
5844
8387
5792
7812
1814
2488
5070
7661
8028
9963
6740
3507
7630
449
8325
5518
8220
7896
370
7820
2747
753
3861
4326
2165
3576
4805
8464
9808
645
662
2934
3314
7360
681
5449
1848
6972
5558
1515
756
4009
7091
4541
1908
8111
3891
3787
8900
7113
2654
8663
4610
7270
8903
8420
8976
3199
1638
9184
8582
5380
7673
2608
2318
8322
9594
8231
5794
8147
4372
7186
2032
969
3310
9716
1044
660
6934
4801
5059
1371
3714
8591
9793
4996
7444
8640
2641
5758
1075
2109
1055
3789
4657
5229
7936
5988
4566
3430
5582
3914
2171
8297
4423
9472
4993
1474
3267
4697
6343
9279
4291
2494
6906
9111
2891
8492
3995
3372
9852
874
481
6854
9962
7915
3698
3616
926
5374
8630
7773
4353
3992
6153
8079
1463
3240
6825
6992
7363
3733
3883
906
1439
517
1878
1054
5777
7712
4568
9356
3188
1786
8777
696
9106
8570
6976
4483
617
702
3677
4703
652
6985
2045
5657
7971
9465
2675
4216
8418
1977
6004
8910
9662
1572
3040
4337
3386
7627
9036
7399
8403
3129
6867
6563
4576
131
5972
2469
5438
9783
7006
7359
7782
3868
3036
3275
5134
1071
5051
4169
5734
8208
1316
5710
2123
5765
9834
3442
6461
2238
7860
2576
98
5799
346
4769
3887
8765
7659
283
6849
4582
9238
8319
7080
2256
1411
3367
195
5937
367
5886
3494
2401
8737
8318
3080
1330
25
3969
4594
2680
2417
4743
403
1650
2283
6824
1427
6333
8156
5312
3426
8922
3419
2740
4724
4440
3778
7970
7808
7624
1158
1311
7320
2260
6716
6887
2501
9415
2275
4306
5489
2209
545
8624
6868
3534
9786
5172
3671
5050
3525
7345
9118
7173
6552
1087
4694
3761
910
6507
786
5766
3592
9987
6057
2957
5930
428
7075
7550
2543
2650
9872
8953
8554
2292
9772
1576
7130
3856
9713
9941
2113
918
8129
8585
1128
3099
8756
8989
9474
6304
1886
8244
435
2827
4248
101
2332
4276
9727
9479
2352
6050
8421
6745
954
8541
6347
4011
3625
3044
1517
7866
9359
5754
2979
3973
1896
8873
7578
3057
1751
4517
152
147
4812
7526
4161
285
6034
3959
9950
1856
5043
8934
1212
93
2134
4146
5918
3717
2148
3208
2266
5349
8736
1933
550
5838
4513
8577
4921
9440
3087
6604
757
6858
5753
2904
8660
1547
6524
4272
3808
2190
699
7664
6494
6864
7407
5207
6489
4012
3833
663
6530
4171
1677
9671
6862
5738
3135
302
4876
4136
3361
4235
4782
6932
3280
5182
8879
3007
13
6733
1836
9918
6818
9566
2153
9112
1553
1503
8203
3590
6105
163
9367
2033
4163
9632
8458
2229
2909
7069
4564
380
3909
5735
5987
1460
5459
222
3853
8149
9804
6012
2305
7548
5068
6509
9272
5736
8484
5612
7114
6539
9064
1882
6869
7865
2221
2713
4459
8003
2566
8225
2242
8252
3506
597
4839
4304
4341
5638
6189
371
3867
3565
4943
6778
558
807
7430
4218
5757
7334
5
2951
1769
5020
9068
9290
5282
5540
5278
9630
7190
3053
9888
4578
887
6755
8688
9823
4516
4919
6863
872
7219
7834
2542
6073
1058
413
6886
3667
576
6188
1469
4738
1776
6035
7803
9839
7294
8888
1374
3192
1807
1014
3258
1140
9471
3222
3195
3922
3218
4467
4471
3643
1052
3261
2775
3662
6544
3360
4237
6726
7911
6185
7683
8704
5695
9081
7244
4504
3417
6147
6177
4497
721
8778
5805
6556
2346
2944
9905
5699
5849
9052
40
361
760
3324
8611
7133
4679
8315
8287
6336
2247
533
8757
5983
7947
2546
3657
9637
1199
5963
8293
5619
5213
7772
1725
1513
8080
3596
5486
614
8022
790
5142
4849
1238
9528
1276
3669
3398
1944
41
1296
3088
9859
5361
4653
5648
4395
8834
8172
3387
1026
5500
2914
7706
7549
1267
5520
1991
1225
2039
4389
2259
4935
4
3465
5784
6671
8565
2559
7252
9844
6759
4933
1693
6081
5563
2424
9322
4257
9802
2400
5470
5523
4246
5118
636
7472
9678
2752
2956
4830
4539
5633
2232
8126
6641
2201
8314
2790
8166
7128
9451
6736
5395
553
7784
5519
7893
6475
4533
4315
9276
740
4190
6646
420
8741
5986
3183
7825
5630
7491
5327
9652
1712
2685
6856
5190
7799
2679
9360
5230
9977
1165
3870
8995
2780
4709
1152
7323
7977
3523
4589
6098
8135
495
4083
5005
9766
6771
3163
1286
3924
7195
9937
8391
7976
7087
4027
3877
5820
677
9796
4005
6201
17
1105
6321
4352
7350
2967
7313
4095
202
6555
7767
523
8597
3901
1512
6351
5949
8581
962
6143
5503
1381
9996
7710
6301
5885
4641
8638
4917
2042
3086
2441
1900
6647
4293
5806
8959
3749
4472
2763
863
3329
2426
8508
9634
1588
7028
5094
9542
671
2975
2931
5763
5137
6547
1233
4332
3384
8852
7381
8226
2676
9568
3814
3353
9477
2087
7298
3134
9906
8951
6208
6356
4609
5457
2396
3521
52
5810
9401
1297
766
1617
111
6852
4396
365
2718
9558
1795
8894
6470
2293
2497
9330
7022
532
1670
7563
3032
3899
9053
3764
1994
32
6610
5279
5122
1488
9151
7230
5224
7461
4792
5308
3896
4546
5751
6288
4404
5024
1175
2529
8945
6799
5731
8088
442
902
3401
7306
1170
6848
7846
5295
4688
7404
8052
4882
3200
5385
4047
5747
317
8730
7901
3801
3793
9613
4301
7134
2739
7204
358
9334
9373
9292
322
5202
6244
14
26
7816
4193
7560
3836
9105
4412
9269
9605
2268
5106
6892
7676
6702
5356
3409
7746
6373
125
6535
6067
2779
2864
9533
6016
9453
9958
20
2751
8063
1891
3304
9658
9495
6545
860
3459
6513
7849
2990
9242
6947
8933
2865
7724
9075
8665
5060
4781
953
8410
3965
8614
139
2807
2313
2048
9379
7859
6149
2970
2492
8828
674
9561
8302
8277
4871
9938
5603
2908
1435
7650
7466
1021
5522
4811
7899
1467
3204
829
8150
2122
8814
8770
8947
8224
8170
8795
1069
7965
9206
843
4205
5478
7332
2478
7192
7821
9008
5829
3777
8497
631
1938
6021
1470
4786
8332
9812
1754
4798
4229
3583
5595
3895
8659
5353
7527
8399
8356
9338
3759
9851
3247
8190
6003
8680
1528
7777
7170
6268
8470
8021
1996
7644
5879
6616
7471
6322
5793
9896
68
1916
3294
2228
4686
9368
7147
9172
9363
28
5431
6769
6987
8478
3066
5120
2588
1736
8357
521
1540
8562
1549
3786
5009
3484
1473
1412
1309
1293
4424
7149
6403
6479
9673
8788
676
5277
6225
7796
4714
6899
1971
7681
7394
4690
9095
7689
2110
7295
5366
8844
1734
5027
5752
1425
5247
768
6274
7814
2069
9355
8238
2664
1419
196
7469
4888
4279
3963
859
1010
2051
6163
5046
8925
9645
9757
292
4680
6129
2419
9565
6048
4348
7005
4595
9122
8973
3020
1376
9377
4773
5911
6412
5676
8859
6141
6126
9795
6370
2686
9865
332
7250
2519
2561
5631
4448
3828
4873
4165
4260
8093
6357
2696
3187
7072
6793
4823
2258
4864
83
3647
4491
169
5602
4242
5997
3626
8835
7577
4166
4032
7604
7467
6289
5964
3591
1113
19
9903
6166
7829
2089
1482
4869
9488
8010
8809
5941
3415
9789
7990
9980
7594
9656
2429
1554
7465
1384
1144
4028
882
6777
4932
9983
9584
1630
9717
9286
8549
6724
8462
627
7847
226
5145
5604
5193
6895
4761
3634
2619
8575
1611
8257
884
6138
3241
4168
7084
5642
9217
731
8090
4232
6380
4196
3448
4252
6184
1883
7822
4755
3903
6967
2421
3747
5768
5340
3061
5411
2453
7365
7753
80
4827
5398
1885
9207
416
7439
3648
5982
8363
3748
6023
7927
6587
6957
783
6678
8954
8009
3920
2315
6008
8958
2515
146
9651
170
5396
6473
2669
752
1413
438
4911
5166
6703
2174
7835
1812
6959
9245
1613
167
4111
9201
4494
5209
3351
4715
7811
43
8501
8651
4889
5599
7786
6492
8766
8362
565
5062
60
2868
6090
3035
3642
1894
2930
3637
6831
8524
3816
6415
3531
3579
4530
7180
53
90
4342
3126
5952
6309
1107
980
8854
3704
1257
5001
3021
2158
8307
6842
3774
436
4736
8255
7737
400
5038
5069
9078
4199
2843
6999
7553
9468
58
694
181
2961
9024
782
3335
1281
7094
5257
4039
1772
9004
3190
5606
2706
4433
8535
3815
5176
7566
1195
2730
7877
453
8483
9310
5317
8799
8513
3323
1927
4835
684
8248
2146
999
1251
2745
1675
3745
2518
4043
7903
6306
4692
8695
929
3385
4940
3181
7478
3034
4198
5822
6521
4749
5437
2777
842
3363
4264
8924
5272
9564
1271
2716
9319
2781
5999
3809
3441
2320
6743
6123
4850
9204
8999
4914
3158
8767
2879
3996
2976
805
8180
3970
5464
305
8967
623
3522
8602
4818
1136
6705
611
6732
3277
4912
6614
8361
2627
546
4804
2160
5689
4430
7727
1834
7473
8629
5430
9366
1855
9148
9229
4188
6125
1117
7272
9858
9677
2896
5960
3818
8228
9997
7832
6025
6589
3952
4305
6866
4139
8956
3276
9549
6798
4464
8218
8886
526
3942
497
2217
5368
7768
5243
1739
7122
7913
5691
6328
9841
6939
2286
8437
6433
9660
7126
5993
8991
7879
889
1988
1
1649
9135
4059
3364
1406
1216
6377
7848
8317
231
4771
3854
3089
8394
6729
1580
5054
2392
4428
746
8588
6338
2088
536
2044
8712
921
8295
2154
7839
5096
8994
4026
278
968
4060
128
6323
8279
2659
7722
3663
7406
8132
239
1899
5154
7838
1872
6051
7050
3872
9197
5570
8500
8759
833
1935
3189
59
2299
3985
4078
6595
6663
6718
5713
5853
2889
986
8938
9408
1464
2467
5448
6311
6776
1335
7217
736
8608
5934
4966
1976
4287
1583
7938
6207
5571
1395
5623
31
3486
1601
3826
1643
4102
439
8783
9455
7265
5223
847
2568
816
9707
5184
4518
8119
1520
6520
2734
2054
2761
5989
5339
513
8281
9464
2094
3910
7124
657
6551
9348
5347
134
5228
5044
2002
9604
5427
9354
1741
3018
3008
2363
1682
7488
2863
4685
585
8480
7643
2878
5115
4295
5967
7375
401
6363
6792
9350
7218
5775
1274
3594
3918
8004
5909
8247
5422
2466
7668
5872
1647
9117
6597
2728
2965
8540
5770
8002
4512
4522
2511
5086
1236
3186
2750
8721
6946
3981
6910
1038
7008
9119
8804
7420
5851
9297
8191
568
7440
9046
4878
5809
8860
3402
5215
8001
316
6329
5143
4500
8772
9700
9126
5103
6421
1410
1889
3958
586
3961
2937
1123
355
909
250
7928
2381
6830
3320
9973
7607
3068
6044
5141
5240
3644
1608
6183
2307
4080
6442
6809
1975
976
2754
9320
353
6342
560
342
6084
225
1231
9483
7858
1349
9960
3931
2869
491
5306
4317
1573
2374
410
2404
8871
3390
3755
5157
9177
8439
806
4399
5524
7538
1846
1497
5239
3946
2490
7959
8775
2208
9545
1852
6807
3371
6280
1370
857
1263
6114
8975
4297
6571
8264
5109
5212
5550
4106
7887
4957
7688
3582
8510
2312
3406
6407
8604
9817
4381
1628
3492
6675
6477
248
4751
3859
6659
701
773
9617
3124
1732
7755
9147
4465
9185
2096
1088
5600
8769
4700
1559
4192
647
3685
8216
4420
6795
2906
8950
9066
1368
3108
7523
1347
3085
9944
5002
3037
6273
9384
9220
8566
6722
5048
8503
6250
876
5955
7160
8818
2803
4373
5040
300
4096
9792
2399
6919
9447
6801
3866
941
4834
7177
661
7451
3968
5342
4411
9967
7292
3193
4565
8687
5180
6418
8118
1161
7552
8706
4439
7517
9219
4646
1156
2797
6031
2207
6078
706
7647
157
2116
8974
7452
2563
5868
1079
5151
6485
8865
1703
4329
6676
7341
1219
620
3673
6358
6327
4626
8065
8981
4980
5022
7462
2832
692
3957
9007
5728
7102
8699
56
7586
366
9293
1450
4450
6102
1730
3971
8898
1292
5105
9880
112
8684
3739
3797
7330
2347
3911
6316
8896
3393
1019
5344
3206
5707
8964
282
2921
4437
8073
3894
4125
4176
6257
6176
4025
3560
9648
4872
2955
6404
2939
6071
3557
7754
3139
39
8669
5506
4605
2119
2334
1922
6414
8233
625
5123
5783
8054
8349
7115
1582
4066
5071
9849
984
3019
5149
3315
9689
1696
2005
1876
272
1716
5450
3720
8647
2531
6450
8690
1870
1039
8831
8213
8106
3659
5152
4909
7601
8914
8652
3146
319
254
8522
1064
4112
7807
2598
2722
3731
4586
5841
6167
2127
6460
9258
817
2030
1673
572
8679
5405
691
2243
1895
9396
3011
711
2143
8800
3257
2395
2998
8089
3989
4510
2016
6592
4347
9674
7335
2414
1171
5159
87
6512
5049
5743
4158
9033
9641
3095
1391
4719
8335
9925
970
653
4593
796
9228
8842
9785
9345
4617
8472
8739
4717
5074
3168
1262
1070
5690
8406
1348
5081
7884
2445
7741
5627
7056
4486
9724
8923
2303
5227
6019
1639
9715
7319
3338
3358
144
6956
2371
6951
940
242
3621
8210
66
4733
8499
1970
9199
3949
2261
5083
4860
3684
5635
2993
2600
326
6112
9156
5840
7666
2629
6857
4647
6378
5534
1825
8242
5916
8802
9031
7756
6681
541
9333
7095
1955
6472
262
1394
3607
9861
9635
9863
3750
8752
6717
2082
8977
3603
7541
8664
3756
1448
7096
5210
5807
9956
9110
9917
4369
8153
445
4543
4170
3925
7671
2023
7853
1681
8899
3203
4608
1114
3554
4334
321
9346
3725
7831
340
6942
1823
6180
8791
7537
483
683
6097
6615
9592
8083
5065
5898
3546
6557
2836
5483
1556
8710
3355
896
3902
6775
8543
697
9885
4625
2822
8917
8121
7794
1120
1721
9005
5771
8064
8830
1320
7597
7687
4303
3389
7555
1127
4086
1181
1312
6062
493
1339
8338
4110
7591
8333
6599
8686
8445
425
7505
1926
1068
8154
9819
9638
6132
7511
5584
7482
6652
8742
7121
6091
6948
6453
6927
7940
2196
957
9682
8313
4797
9970
2887
1284
494
8033
4457
9318
3951
8796
5560
9625
375
8612
9739
1537
3476
3352
9697
5950
8498
8670
8895
6027
8960
7878
212
4525
7137
5352
5270
1174
4008
4515
3516
8927
5881
5242
2223
4117
3835
2886
3620
6372
1982
6542
2765
7556
1954
6817
6121
1272
6767
5169
8056
848
6931
6677
9027
6052
715
168
975
6877
2277
9449
7542
3615
7536
7401
1727
7040
2255
7249
6423
4380
7964
6874
3159
6234
451
9557
1502
8425
9180
5926
7685
4359
5042
6043
4268
7731
8461
5532
1196
369
1016
7496
1252
7450
7900
2817
9493
6700
3575
4603
133
3851
9610
4148
5508
9374
7331
8077
3613
8632
3656
7827
4885
4030
1323
9756
7168
1416
2052
5899
49
6516
9790
9740
3879
1511
8219
5730
4965
2186
5168
9437
4262
8030
8449
344
5818
9984
8443
3976
2933
3172
8571
9765
7540
4652
6039
2034
9347
1860
3079
8267
7352
8007
5996
1396
5028
7304
8849
3457
3115
5530
3820
4821
5303
1600
6673
5863
431
1373
4532
5211
1538
2960
4537
4149
1495
8020
4363
4556
6436
9159
7697
6884
6219
9782
8558
1248
9267
9913
6236
9337
3414
5498
7145
7863
4191
4780
9059
881
6503
1294
6037
2464
5455
7824
6742
538
499
9091
824
2300
1115
8666
2264
1202
9183
9928
5153
7615
549
6666
4554
1791
2662
331
6697
7641
5161
8786
9695
924
9720
4707
9375
6936
3112
8537
9735
1686
4175
4826
1934
4432
6300
3407
7182
2551
4126
7477
6691
1313
7525
2496
7012
6247
7955
1331
1531
3804
7398
1587
1642
5991
7705
1472
7963
7275
8061
5220
3356
1261
8642
5316
4526
6239
7531
9189
5372
9371
9520
7953
2805
1731
6841
4418
7902
4683
377
9277
7798
7795
1326
7336
1828
3709
5114
1241
4673
3298
1398
2900
106
9370
9233
8929
1210
3791
3893
8329
4963
7364
6369
7118
3305
9836
8897
2462
2470
2477
7201
8181
4725
6041
5700
7167
2692
2788
9690
2340
7410
259
1932
3722
7609
1645
6712
1906
6596
1929
6385
9531
2616
5320
9149
8254
2333
8738
4967
293
1523
8997
9820
4795
2536
9352
1500
3498
539
4695
6550
9414
1898
7700
4612
1475
8037
7203
4848
5113
4335
8832
3063
1455
2416
5641
160
6964
5953
2316
8861
6254
4748
2833
1633
1147
7956
4992
4319
5562
8292
8137
5655
5089
7513
508
9771
2124
7366
6455
5878
1459
925
584
8907
1287
7240
1952
1720
5732
3454
4343
8746
1821
5535
5548
3762
7397
9675
9532
1713
9642
9688
2335
5709
1232
8988
4877
6851
4762
2796
3921
3201
5304
5058
3563
9490
3150
7486
1096
5252
7132
6656
3340
4837
3198
9639
8876
919
2271
4670
9672
1192
3248
678
6922
310
6783
6220
5155
1897
188
8525
1246
1801
5816
9909
2726
7919
6843
2461
7567
2672
219
8173
5921
2860
8145
7909
8544
3093
6411
5039
9921
4063
7108
4456
3109
7051
7892
1820
5067
3795
8246
3707
5607
9382
8075
514
4788
2294
2049
4267
2195
618
5391
6638
2861
7197
4104
3113
1637
6295
7981
3753
5194
3291
8785
8992
5846
8197
3446
3948
4489
5683
6468
8115
4360
6802
8432
6690
2918
6734
6354
2001
877
4316
2637
1943
5232
9142
858
4477
5720
7283
9254
4046
7707
6350
1053
2571
5429
9587
4852
4403
609
97
6770
6210
1247
3547
693
7514
530
3130
2239
130
9061
9803
8613
415
1023
4253
3016
3133
9914
1310
6505
8311
1973
3781
7036
7665
4778
7311
6353
7073
8385
5684
5292
2875
5274
9919
1797
2204
2024
6441
2645
7950
1798
3796
4217
5441
6974
8047
61
7933
1697
2530
2104
4524
9480
3162
7800
3871
6082
3344
2757
8641
1442
9428
6963
2202
7140
2670
4891
1533
5616
3655
7370
8084
8151
7497
4816
7984
2136
2699
1948
3991
8280
4408
9361
7642
8862
730
4044
8825
7528
3730
7686
186
9232
4514
1101
3209
3369
5030
7020
9599
9986
6193
8580
3075
4691
2152
8261
8635
7175
7261
9015
8758
1308
522
7429
4740
2106
821
2014
9606
778
579
8504
4979
5796
1656
5221
8471
4577
6969
2415
496
722
939
2880
535
6486
1788
9134
1299
6413
9731
7356
8683
1015
4718
7262
8336
8068
6598
596
5505
9710
5895
4186
8857
3296
6583
2798
7446
6493
6837
4560
5762
5256
6834
142
7618
2510
5488
6054
408
8847
4419
5056
2055
227
2091
6950
6970
8595
9971
6172
5847
1080
5265
2655
448
6527
9788
7944
5951
2169
4473
7745
8266
8482
5423
9486
5928
4519
7852
5668
4562
5188
47
8330
6379
4431
5063
1722
780
7001
4753
36
7789
7280
5191
6202
1018
9920
5554
102
6984
6870
7475
3377
2489
4313
6511
4219
6014
815
7032
7995
9456
4053
6228
4814
9326
3260
632
469
3735
6790
5198
956
8519
8358
6648
5299
6514
7041
5656
9809
3096
9127
5692
5432
2078
1256
3666
3067
9141
8345
6853
4702
873
3703
600
729
7161
1149
1689
6135
6156
1867
9535
6087
899
5104
6971
8459
7030
5901
7561
2929
8801
2877
4557
33
4544
2348
2064
8178
5882
3769
8025
5742
7905
888
4362
7611
5798
6636
2562
5377
8578
1652
897
433
895
1835
2253
1295
1008
7583
8561
5465
5774
359
2325
1956
417
5238
8187
742
4099
3800
1760
1543
7655
518
279
5192
1004
9341
1969
6901
2953
2596
8467
5446
9311
114
9103
3561
1453
2981
2062
8617
9879
185
8110
7423
6261
9826
5336
5099
2240
5906
2063
9915
76
6594
3251
9854
3250
1300
7512
5946
4443
1029
561
3042
1858
8453
7760
8377
759
4045
215
8116
9030
7284
4847
7492
2851
79
4785
1710
2647
3606
2503
3906
3740
8930
2476
9537
4077
6668
7207
2446
3104
2319
3508
891
5291
3776
540
2852
7239
7810
5110
8926
5156
3164
2397
5545
1535
4569
2560
3873
2688
6022
8563
2940
750
7924
3538
9654
599
5970
6079
1763
5502
8622
3094
5549
1621
3047
6608
9169
649
6844
762
2468
8526
9094
4970
9222
3530
3706
9481
8568
9959
3125
7931
1417
8646
9816
912
2579
6182
4088
6679
3463
6519
6264
4531
9429
5351
3682
4634
8473
7752
7317
352
8460
1013
3875
2742
9951
9291
4073
3281
1853
6386
547
8944
5646
1816
5273
6024
7142
2361
2428
1390
6417
4406
8798
5741
490
6704
7476
4401
475
6195
9264
1451
2935
619
8648
8998
4421
4851
6319
9759
7093
7110
4985
947
7979
5598
1563
1507
4134
5837
6116
3882
2770
6042
8689
8456
5510
9174
8353
5337
284
7904
3638
7945
7361
333
5813
4721
9620
2211
5443
4206
7891
6015
7929
3046
1112
8939
6196
6324
994
2329
8824
6490
3716
9487
700
4675
4455
5862
7966
6905
4808
2311
7076
7498
9621
2882
1945
5551
1745
5226
5469
184
3631
9226
5662
7726
1353
3641
9969
4167
3604
4713
4255
9029
2513
9209
221
6873
6546
1963
5452
2077
7920
8152
5750
911
3792
9489
9875
7369
2337
1574
4760
2762
9093
2767
7000
1864
5130
6561
4097
1011
7112
9335
6432
2250
3564
7720
7189
2732
2565
2611
4836
8008
6765
6036
8259
933
3212
7613
7460
1521
5556
5440
5848
9570
5447
7998
4118
2187
4201
9044
462
2723
1407
5397
6928
3972
1188
3411
7692
9853
1750
3382
7141
3556
2837
890
7329
6361
2737
8373
9893
16
669
738
7245
3500
4132
482
1792
2597
8596
2447
3227
8794
3435
2947
1545
423
3705
3622
3455
6053
7914
9611
9932
5010
2638
8672
2603
8404
3822
5512
9253
1072
2314
612
4154
4550
9431
3619
3214
9271
4299
233
8270
7148
979
8986
8457
1865
6174
4085
5979
9900
2155
8754
8223
7989
2840
6916
6748
950
5365
4328
4790
2631
2328
1953
4442
3548
3001
5401
3843
4434
1959
4579
7457
667
525
478
223
4640
6447
9781
7235
1519
6609
5219
3282
3219
812
8913
714
3681
4604
2387
6335
670
4915
6706
1007
8634
4854
4624
5186
7223
1031
2252
3744
9339
8793
6013
9586
1393
9840
6816
2066
4820
9323
7631
3413
2437
7169
5860
4114
7894
161
8916
5370
9146
6707
938
1133
3751
8957
1131
7723
8583
229
6083
770
5100
6762
3023
580
4615
5163
4559
3696
8376
1949
6496
6445
3456
7968
6119
6537
1700
6315
5850
9452
8527
6237
3784
1998
3105
1596
5262
6203
7389
7045
2068
1802
6070
2897
7424
9901
8294
8979
8615
4998
89
7214
6558
797
4763
8423
154
7152
1966
7946
9365
6533
4573
2624
856
6435
6786
2013
4391
2234
8032
6221
772
9934
751
593
8163
8711
9403
2425
665
3584
5012
7790
6650
8102
236
642
1060
273
3668
8312